Banc de test optique V0.2

tension de test théorique : 12V
tension = 0.00 VDC;courant = 0.00 A;

Angle °;cd;X;Y;lux;temperature ambiante °C; temps après allumage en ms;
0.2;0.25;0.0000;0.0000;0.0142;1994.68;255217;
0.4;0.31;0.0000;0.0000;0.0179;1994.68;255633;
0.6;0.32;0.0000;0.0000;0.0179;1994.64;256049;
0.8;0.32;0.0000;0.0000;0.0179;1994.55;256465;
1.0;0.32;0.0000;0.0000;0.0179;1994.55;256881;
1.2;0.32;0.0000;0.0000;0.0179;1994.63;257297;
1.4;0.32;0.0000;0.0000;0.0179;1994.63;257713;
1.6;0.32;0.0000;0.0000;0.0179;1994.58;258129;
1.8;0.32;0.0000;0.0000;0.0179;1994.64;258545;
2.0;0.32;0.0000;0.0000;0.0179;1994.64;258961;
2.2;0.32;0.0000;0.0000;0.0180;1994.63;259377;
2.4;0.32;0.0000;0.0000;0.0181;1994.60;259793;
2.6;0.32;0.0000;0.0000;0.0182;1994.57;260209;
2.8;0.32;0.0000;0.0000;0.0183;1994.99;260625;
3.0;0.33;0.0000;0.0000;0.0185;1995.03;261041;
3.2;0.33;0.0000;0.0000;0.0186;1995.03;261457;
3.4;0.33;0.0000;0.0000;0.0188;1995.03;261873;
3.6;0.33;0.0000;0.0000;0.0190;1995.03;262289;
3.8;0.34;0.0000;0.0000;0.0191;1995.02;262705;
4.0;0.34;0.0000;0.0000;0.0192;1995.02;263121;
4.2;0.34;0.0000;0.0000;0.0194;1995.06;263537;
4.4;0.35;0.0000;0.0000;0.0196;1995.06;263953;
4.6;0.35;0.0000;0.0000;0.0198;1995.05;264369;
4.8;0.35;0.0000;0.0000;0.0200;1995.05;264785;
5.0;0.36;0.0000;0.0000;0.0202;1995.03;265201;
5.2;0.36;0.0000;0.0000;0.0204;1995.43;265617;
5.4;0.36;0.0000;0.0000;0.0206;1995.38;266033;
5.6;0.37;0.0000;0.0000;0.0208;1995.38;266449;
5.8;0.37;0.0000;0.0000;0.0211;1995.41;266865;
6.0;0.38;0.0000;0.0000;0.0213;1995.41;267281;
6.2;0.38;0.0000;0.0000;0.0215;1995.38;267697;
6.4;0.38;0.0000;0.0000;0.0217;1995.33;268113;
6.6;0.39;0.0000;0.0000;0.0220;1995.30;268529;
6.8;0.39;0.0000;0.0000;0.0222;1995.30;268945;
7.0;0.40;0.0000;0.0000;0.0224;1995.27;269361;
7.2;0.40;0.0000;0.0000;0.0226;1995.28;269777;
7.4;0.40;0.0000;0.0000;0.0228;1995.30;270193;
7.6;0.41;0.0000;0.0000;0.0230;1995.28;270609;
7.8;0.41;0.0000;0.0000;0.0233;1995.30;271025;
8.0;0.41;0.0000;0.0000;0.0234;1995.30;271441;
8.2;0.42;0.0000;0.0000;0.0236;1995.27;271857;
8.4;0.42;0.0000;0.0000;0.0239;1995.36;272273;
8.6;0.42;0.0000;0.0000;0.0241;1995.34;272689;
8.8;0.43;0.0000;0.0000;0.0243;1995.33;273105;
9.0;0.43;0.0000;0.0000;0.0245;1994.80;273521;
9.2;0.44;0.0000;0.0000;0.0247;1994.80;273937;
9.4;0.44;0.0000;0.0000;0.0250;1994.32;274353;
9.6;0.44;0.0000;0.0000;0.0252;1994.35;274769;
9.8;0.45;0.0000;0.0000;0.0254;1994.32;275185;
10.0;0.45;0.0000;0.0000;0.0256;1994.32;275601;
10.2;0.46;0.0000;0.0000;0.0259;1994.38;276017;
10.4;0.46;0.0000;0.0000;0.0261;1994.38;276433;
10.6;0.46;0.0000;0.0000;0.0263;1994.38;276849;
10.8;0.47;0.0000;0.0000;0.0265;1994.36;277265;
11.0;0.47;0.0000;0.0000;0.0268;1994.36;277681;
11.2;0.48;0.0000;0.0000;0.0270;1994.36;278097;
11.4;0.48;0.0000;0.0000;0.0273;1994.33;278514;
11.6;0.49;0.0000;0.0000;0.0275;1994.33;278929;
11.8;0.49;0.0000;0.0000;0.0278;1994.33;279345;
12.0;0.49;0.0000;0.0000;0.0280;1994.36;279761;
12.2;0.50;0.0000;0.0000;0.0283;1994.38;280177;
12.4;0.50;0.0000;0.0000;0.0286;1994.38;280593;
12.6;0.51;0.0000;0.0000;0.0289;1994.38;281009;
12.8;0.51;0.0000;0.0000;0.0290;1994.44;281425;
13.0;0.52;0.0000;0.0000;0.0293;1994.45;281841;
13.2;0.52;0.0000;0.0000;0.0295;1994.39;282257;
13.4;0.53;0.0000;0.0000;0.0298;1994.79;282673;
13.6;0.53;0.0000;0.0000;0.0300;1994.80;283089;
13.8;0.53;0.0000;0.0000;0.0303;1994.80;283505;
14.0;0.54;0.0000;0.0000;0.0306;1994.77;283921;
14.2;0.54;0.0000;0.0000;0.0309;1994.74;284337;
14.4;0.55;0.0000;0.0000;0.0311;1994.80;284753;
14.6;0.55;0.0000;0.0000;0.0314;1994.89;285169;
14.8;0.56;0.0000;0.0000;0.0317;1994.45;285585;
15.0;0.56;0.0000;0.0000;0.0319;1994.45;286001;
15.2;0.57;0.0000;0.0000;0.0322;1994.38;286417;
15.4;0.57;0.0000;0.0000;0.0326;1994.42;286833;
15.6;0.58;0.0000;0.0000;0.0329;1994.41;287249;
15.8;0.59;0.0000;0.0000;0.0332;1994.80;287665;
16.0;0.59;0.0000;0.0000;0.0335;1994.84;288081;
16.2;0.60;0.0000;0.0000;0.0339;1994.84;288497;
16.4;0.60;0.0000;0.0000;0.0343;1994.79;288913;
16.6;0.61;0.0000;0.0000;0.0347;1994.80;289329;
16.8;0.62;0.0000;0.0000;0.0352;1994.83;289745;
17.0;0.63;0.0000;0.0000;0.0358;1995.28;290161;
17.2;0.64;0.0000;0.0000;0.0365;1994.96;290577;
17.4;0.66;0.0000;0.0000;0.0372;1994.96;290993;
17.6;0.67;0.0000;0.0000;0.0379;1994.99;291409;
17.8;0.68;0.0000;0.0000;0.0386;1994.96;291825;
18.0;0.69;0.0000;0.0000;0.0392;1994.96;292241;
18.2;0.70;0.0000;0.0000;0.0397;1994.98;292657;
18.4;0.71;0.0000;0.0000;0.0401;1995.03;293073;
18.6;0.72;0.0000;0.0000;0.0406;1995.03;293489;
18.8;0.72;0.0000;0.0000;0.0410;1995.08;293905;
19.0;0.73;0.0000;0.0000;0.0414;1995.12;294321;
19.2;0.74;0.0000;0.0000;0.0418;1995.14;294737;
19.4;0.75;0.0000;0.0000;0.0422;1995.12;295153;
19.6;0.75;0.0000;0.0000;0.0427;1995.09;295569;
19.8;0.76;0.0000;0.0000;0.0431;1995.09;295985;
20.0;0.77;0.0000;0.0000;0.0435;1995.19;296401;
20.2;0.77;0.0000;0.0000;0.0439;1995.24;296817;
20.4;0.78;0.0000;0.0000;0.0444;1995.19;297233;
20.6;0.79;0.0000;0.0000;0.0450;1995.22;297649;
20.8;0.81;0.0000;0.0000;0.0458;1995.30;298065;
21.0;0.83;0.0000;0.0000;0.0469;1995.30;298481;
21.2;0.87;0.0000;0.0000;0.0491;1995.30;298897;
21.4;0.97;0.0000;0.0000;0.0548;1995.31;299313;
21.6;1.25;0.0000;0.0000;0.0706;1995.25;299729;
21.8;1.88;0.0000;0.0000;0.1065;1995.28;300145;
22.0;2.93;0.0000;0.0000;0.1663;1995.31;300561;
22.2;4.04;0.0000;0.0000;0.2291;1995.31;300977;
22.4;5.09;0.0000;0.0000;0.2888;1995.28;301393;
22.6;6.29;0.0000;0.0000;0.3566;1995.25;301809;
22.8;7.48;0.0000;0.0000;0.4239;1995.22;302225;
23.0;7.48;0.0000;0.0000;0.4239;1995.18;302641;
23.2;7.48;0.0000;0.0000;0.4239;1995.18;303054;
23.4;10.90;0.0000;0.0000;0.6179;1995.18;303467;
23.6;12.02;0.0000;0.0000;0.6814;1995.19;303883;
23.8;13.25;0.0000;0.0000;0.7512;1995.19;304299;
24.0;14.39;0.0000;0.0000;0.8159;1995.62;304715;
24.2;15.48;0.0000;0.0000;0.8773;1995.60;305131;
24.4;16.45;0.0000;0.0000;0.9325;1995.60;305547;
24.6;16.95;0.0000;0.0000;0.9611;1995.57;305963;
24.8;17.19;0.0000;0.0000;0.9743;1995.53;306379;
25.0;17.46;0.0000;0.0000;0.9895;1995.55;306795;
25.2;17.65;0.0000;0.0000;1.0006;1995.53;307211;
25.4;17.72;0.0000;0.0000;1.0047;1995.15;307627;
25.6;17.73;0.0000;0.0000;1.0049;1995.15;308043;
25.8;17.67;0.0000;0.0000;1.0015;1995.18;308459;
26.0;17.70;0.0000;0.0000;1.0036;1995.22;308875;
26.2;17.83;0.0000;0.0000;1.0108;1995.25;309291;
26.4;17.82;0.0000;0.0000;1.0104;1995.63;309707;
26.6;17.71;0.0000;0.0000;1.0043;1995.59;310123;
26.8;17.66;0.0000;0.0000;1.0010;1995.59;310539;
27.0;17.70;0.0000;0.0000;1.0033;1995.59;310955;
27.2;17.71;0.0000;0.0000;1.0041;1995.62;311371;
27.4;17.67;0.0000;0.0000;1.0017;1995.59;311787;
27.6;17.68;0.0000;0.0000;1.0022;1995.57;312203;
27.8;17.67;0.0000;0.0000;1.0018;1995.21;312619;
28.0;17.65;0.0000;0.0000;1.0008;1995.21;313035;
28.2;17.69;0.0000;0.0000;1.0030;1995.21;313451;
28.4;17.77;0.0000;0.0000;1.0075;1995.28;313867;
28.6;17.89;0.0000;0.0000;1.0141;1995.27;314283;
28.8;18.03;0.0000;0.0000;1.0221;1995.30;314699;
29.0;18.04;0.0000;0.0000;1.0229;1994.89;315115;
29.2;18.00;0.0000;0.0000;1.0206;1994.89;315531;
29.4;17.99;0.0000;0.0000;1.0201;1994.83;315947;
29.6;17.99;0.0000;0.0000;1.0196;1994.79;316363;
29.8;18.10;0.0000;0.0000;1.0259;1994.83;316779;
30.0;18.27;0.0000;0.0000;1.0354;1994.89;317195;
30.2;18.30;0.0000;0.0000;1.0375;1994.90;317611;
30.4;18.37;0.0000;0.0000;1.0411;1994.90;318027;
30.6;18.56;0.0000;0.0000;1.0523;1994.89;318443;
30.8;18.72;0.0000;0.0000;1.0614;1994.89;318859;
31.0;18.88;0.0000;0.0000;1.0704;1994.86;319275;
31.2;19.11;0.0000;0.0000;1.0831;1994.83;319691;
31.4;19.31;0.0000;0.0000;1.0948;1994.84;320107;
31.6;19.56;0.0000;0.0000;1.1090;1994.84;320523;
31.8;19.75;0.0000;0.0000;1.1197;1994.87;320939;
32.0;19.86;0.0000;0.0000;1.1256;1994.81;321355;
32.2;20.00;0.0000;0.0000;1.1340;1994.89;321771;
32.4;20.17;0.0000;0.0000;1.1437;1994.84;322187;
32.6;20.38;0.0000;0.0000;1.1551;1994.82;322603;
32.8;20.61;0.0000;0.0000;1.1682;1994.82;323019;
33.0;20.74;0.0000;0.0000;1.1760;1994.80;323435;
33.2;20.93;0.0000;0.0000;1.1863;1994.83;323851;
33.4;21.14;0.0000;0.0000;1.1986;1994.79;324267;
33.6;21.31;0.0000;0.0000;1.2082;1994.83;324683;
33.8;21.34;0.0000;0.0000;1.2099;1994.80;325099;
34.0;21.39;0.0000;0.0000;1.2129;1994.80;325515;
34.2;21.43;0.0000;0.0000;1.2149;1994.80;325931;
34.4;21.42;0.0000;0.0000;1.2141;1994.76;326347;
34.6;21.37;0.0000;0.0000;1.2114;1994.80;326763;
34.8;21.31;0.0000;0.0000;1.2081;1994.83;327179;
35.0;21.28;0.0000;0.0000;1.2065;1994.83;327595;
35.2;21.22;0.0000;0.0000;1.2029;1994.84;328011;
35.4;21.19;0.0000;0.0000;1.2011;1994.81;328427;
35.6;21.20;0.0000;0.0000;1.2017;1994.86;328843;
35.8;21.23;0.0000;0.0000;1.2037;1995.21;329259;
36.0;21.28;0.0000;0.0000;1.2062;1994.79;329675;
36.2;21.35;0.0000;0.0000;1.2104;1994.79;330091;
36.4;21.36;0.0000;0.0000;1.2110;1994.76;330507;
36.6;21.36;0.0000;0.0000;1.2108;1994.80;330923;
36.8;21.30;0.0000;0.0000;1.2077;1994.84;331339;
37.0;21.25;0.0000;0.0000;1.2044;1994.83;331755;
37.2;21.27;0.0000;0.0000;1.2056;1994.92;332171;
37.4;21.32;0.0000;0.0000;1.2088;1994.92;332587;
37.6;21.39;0.0000;0.0000;1.2126;1994.90;333003;
37.8;21.44;0.0000;0.0000;1.2153;1994.90;333419;
38.0;21.48;0.0000;0.0000;1.2176;1994.86;333835;
38.2;21.54;0.0000;0.0000;1.2209;1995.25;334251;
38.4;21.60;0.0000;0.0000;1.2247;1994.86;334667;
38.6;21.64;0.0000;0.0000;1.2269;1994.86;335083;
38.8;21.73;0.0000;0.0000;1.2317;1994.86;335499;
39.0;21.85;0.0000;0.0000;1.2386;1994.90;335915;
39.2;21.99;0.0000;0.0000;1.2468;1994.89;336331;
39.4;22.18;0.0000;0.0000;1.2574;1994.86;336747;
39.6;22.37;0.0000;0.0000;1.2683;1994.83;337163;
39.8;22.45;0.0000;0.0000;1.2726;1994.83;337579;
40.0;22.47;0.0000;0.0000;1.2739;1994.80;337995;
40.2;22.49;0.0000;0.0000;1.2750;1994.73;338411;
40.4;22.47;0.0000;0.0000;1.2740;1994.68;338827;
40.6;22.43;0.0000;0.0000;1.2717;1994.68;339243;
40.8;22.50;0.0000;0.0000;1.2752;1994.63;339659;
41.0;22.57;0.0000;0.0000;1.2797;1994.63;340075;
41.2;22.66;0.0000;0.0000;1.2848;1994.63;340491;
41.4;22.76;0.0000;0.0000;1.2901;1994.57;340907;
41.6;22.79;0.0000;0.0000;1.2920;1994.57;341323;
41.8;22.87;0.0000;0.0000;1.2963;1994.52;341739;
42.0;22.95;0.0000;0.0000;1.3008;1994.46;342155;
42.2;23.03;0.0000;0.0000;1.3055;1994.46;342571;
42.4;23.14;0.0000;0.0000;1.3116;1994.48;342987;
42.6;23.24;0.0000;0.0000;1.3173;1994.44;343403;
42.8;23.29;0.0000;0.0000;1.3202;1994.41;343819;
43.0;23.37;0.0000;0.0000;1.3248;1994.44;344235;
43.2;23.43;0.0000;0.0000;1.3281;1994.45;344651;
43.4;23.48;0.0000;0.0000;1.3313;1994.45;345067;
43.6;23.56;0.0000;0.0000;1.3355;1994.46;345483;
43.8;23.63;0.0000;0.0000;1.3398;1994.45;345899;
44.0;23.71;0.0000;0.0000;1.3441;1994.44;346315;
44.2;23.81;0.0000;0.0000;1.3496;1994.30;346731;
44.4;23.90;0.0000;0.0000;1.3549;1994.35;347147;
44.6;23.99;0.0000;0.0000;1.3602;1994.35;347563;
44.8;24.09;0.0000;0.0000;1.3654;1994.35;347979;
45.0;24.18;0.0000;0.0000;1.3707;1994.29;348395;
45.2;24.25;0.0000;0.0000;1.3746;1994.29;348811;
45.4;24.32;0.0000;0.0000;1.3785;1994.29;349227;
45.6;24.40;0.0000;0.0000;1.3832;1994.29;349643;
45.8;24.41;0.0000;0.0000;1.3840;1994.28;350059;
46.0;24.40;0.0000;0.0000;1.3831;1994.33;350475;
46.2;24.39;0.0000;0.0000;1.3827;1994.35;350891;
46.4;24.37;0.0000;0.0000;1.3817;1994.79;351307;
46.6;24.34;0.0000;0.0000;1.3797;1994.74;351723;
46.8;24.26;0.0000;0.0000;1.3755;1994.74;352139;
47.0;24.19;0.0000;0.0000;1.3712;1994.70;352555;
47.2;24.09;0.0000;0.0000;1.3658;1994.70;352971;
47.4;24.03;0.0000;0.0000;1.3622;1994.77;353387;
47.6;23.99;0.0000;0.0000;1.3599;1994.74;353803;
47.8;23.92;0.0000;0.0000;1.3558;1994.39;354219;
48.0;23.83;0.0000;0.0000;1.3511;1994.39;354635;
48.2;23.70;0.0000;0.0000;1.3433;1994.38;355051;
48.4;23.49;0.0000;0.0000;1.3319;1994.38;355467;
48.6;23.30;0.0000;0.0000;1.3211;1994.33;355883;
48.8;23.14;0.0000;0.0000;1.3120;1994.70;356299;
49.0;22.99;0.0000;0.0000;1.3036;1994.71;356715;
49.2;22.85;0.0000;0.0000;1.2954;1994.71;357131;
49.4;22.79;0.0000;0.0000;1.2917;1994.61;357547;
49.6;22.69;0.0000;0.0000;1.2865;1994.60;357963;
49.8;22.60;0.0000;0.0000;1.2811;1994.55;358379;
50.0;22.49;0.0000;0.0000;1.2750;1994.58;358795;
50.2;22.39;0.0000;0.0000;1.2692;1994.16;359211;
50.4;22.33;0.0000;0.0000;1.2657;1994.16;359627;
50.6;22.25;0.0000;0.0000;1.2612;1994.16;360043;
50.8;22.20;0.0000;0.0000;1.2585;1994.22;360459;
51.0;22.13;0.0000;0.0000;1.2544;1994.23;360875;
51.2;22.05;0.0000;0.0000;1.2498;1994.29;361291;
51.4;21.99;0.0000;0.0000;1.2468;1994.29;361707;
51.6;21.96;0.0000;0.0000;1.2450;1994.29;362123;
51.8;21.93;0.0000;0.0000;1.2434;1994.32;362539;
52.0;21.88;0.0000;0.0000;1.2405;1994.30;362955;
52.2;21.87;0.0000;0.0000;1.2400;1994.38;363371;
52.4;21.89;0.0000;0.0000;1.2408;1994.39;363787;
52.6;21.89;0.0000;0.0000;1.2412;1994.39;364203;
52.8;21.93;0.0000;0.0000;1.2434;1994.39;364619;
53.0;21.95;0.0000;0.0000;1.2443;1994.42;365035;
53.2;21.96;0.0000;0.0000;1.2450;1994.41;365451;
53.4;21.96;0.0000;0.0000;1.2449;1994.45;365867;
53.6;21.95;0.0000;0.0000;1.2445;1994.46;366283;
53.8;21.94;0.0000;0.0000;1.2438;1994.52;366699;
54.0;21.97;0.0000;0.0000;1.2456;1994.52;367115;
54.2;22.05;0.0000;0.0000;1.2498;1994.55;367531;
54.4;22.13;0.0000;0.0000;1.2543;1994.52;367947;
54.6;22.20;0.0000;0.0000;1.2585;1994.55;368363;
54.8;22.26;0.0000;0.0000;1.2619;1994.61;368779;
55.0;22.30;0.0000;0.0000;1.2643;1994.54;369195;
55.2;22.33;0.0000;0.0000;1.2658;1994.54;369611;
55.4;22.39;0.0000;0.0000;1.2694;1994.60;370027;
55.6;22.46;0.0000;0.0000;1.2735;1994.60;370443;
55.8;22.51;0.0000;0.0000;1.2760;1994.63;370859;
56.0;22.59;0.0000;0.0000;1.2807;1994.61;371275;
56.2;22.66;0.0000;0.0000;1.2848;1994.63;371691;
56.4;22.72;0.0000;0.0000;1.2880;1994.63;372107;
56.6;22.80;0.0000;0.0000;1.2928;1994.64;372523;
56.8;22.87;0.0000;0.0000;1.2963;1994.64;372939;
57.0;22.90;0.0000;0.0000;1.2984;1995.06;373355;
57.2;22.94;0.0000;0.0000;1.3007;1995.00;373771;
57.4;22.96;0.0000;0.0000;1.3014;1995.00;374187;
57.6;22.99;0.0000;0.0000;1.3034;1994.98;374603;
57.8;23.02;0.0000;0.0000;1.3051;1994.93;375019;
58.0;23.04;0.0000;0.0000;1.3061;1994.90;375435;
58.2;23.07;0.0000;0.0000;1.3078;1994.89;375851;
58.4;23.09;0.0000;0.0000;1.3087;1994.49;376267;
58.6;23.13;0.0000;0.0000;1.3113;1994.49;376683;
58.8;23.18;0.0000;0.0000;1.3139;1994.58;377099;
59.0;23.25;0.0000;0.0000;1.3181;1994.63;377515;
59.2;23.32;0.0000;0.0000;1.3219;1994.67;377931;
59.4;23.42;0.0000;0.0000;1.3277;1994.65;378347;
59.6;23.51;0.0000;0.0000;1.3330;1994.64;378763;
59.8;23.61;0.0000;0.0000;1.3387;1994.64;379179;
60.0;23.68;0.0000;0.0000;1.3426;1994.70;379595;
60.2;23.75;0.0000;0.0000;1.3462;1994.71;380010;
60.4;23.85;0.0000;0.0000;1.3518;1994.71;380426;
60.6;23.92;0.0000;0.0000;1.3563;1995.14;380842;
60.8;23.99;0.0000;0.0000;1.3602;1994.74;381258;
61.0;24.06;0.0000;0.0000;1.3639;1994.74;381674;
61.2;24.13;0.0000;0.0000;1.3678;1994.77;382090;
61.4;24.18;0.0000;0.0000;1.3710;1994.84;382506;
61.6;24.25;0.0000;0.0000;1.3749;1994.86;382922;
61.8;24.32;0.0000;0.0000;1.3785;1994.87;383338;
62.0;24.39;0.0000;0.0000;1.3825;1994.89;383754;
62.2;24.47;0.0000;0.0000;1.3873;1994.89;384170;
62.4;24.52;0.0000;0.0000;1.3902;1994.87;384586;
62.6;24.58;0.0000;0.0000;1.3933;1994.89;385002;
62.8;24.64;0.0000;0.0000;1.3966;1994.86;385418;
63.0;24.68;0.0000;0.0000;1.3993;1994.83;385834;
63.2;24.71;0.0000;0.0000;1.4006;1994.83;386250;
63.4;24.75;0.0000;0.0000;1.4028;1994.83;386666;
63.6;24.77;0.0000;0.0000;1.4040;1994.83;387082;
63.8;24.77;0.0000;0.0000;1.4042;1994.83;387498;
64.0;24.76;0.0000;0.0000;1.4039;1994.82;387914;
64.2;24.80;0.0000;0.0000;1.4057;1994.82;388330;
64.4;24.83;0.0000;0.0000;1.4076;1994.84;388746;
64.6;24.86;0.0000;0.0000;1.4091;1994.84;389162;
64.8;24.88;0.0000;0.0000;1.4104;1994.84;389578;
65.0;24.91;0.0000;0.0000;1.4122;1994.80;389994;
65.2;24.95;0.0000;0.0000;1.4143;1994.81;390410;
65.4;25.01;0.0000;0.0000;1.4175;1994.80;390826;
65.6;25.07;0.0000;0.0000;1.4209;1994.83;391242;
65.8;25.13;0.0000;0.0000;1.4246;1994.83;391658;
66.0;25.15;0.0000;0.0000;1.4260;1994.84;392074;
66.2;25.19;0.0000;0.0000;1.4282;1994.81;392490;
66.4;25.20;0.0000;0.0000;1.4287;1994.82;392906;
66.6;25.19;0.0000;0.0000;1.4277;1994.81;393322;
66.8;25.17;0.0000;0.0000;1.4271;1994.74;393738;
67.0;25.16;0.0000;0.0000;1.4261;1994.74;394154;
67.2;25.13;0.0000;0.0000;1.4245;1994.80;394570;
67.4;25.11;0.0000;0.0000;1.4232;1994.79;394986;
67.6;25.13;0.0000;0.0000;1.4245;1994.80;395402;
67.8;25.16;0.0000;0.0000;1.4262;1994.76;395818;
68.0;25.22;0.0000;0.0000;1.4295;1994.76;396234;
68.2;25.25;0.0000;0.0000;1.4313;1994.76;396650;
68.4;25.28;0.0000;0.0000;1.4332;1994.80;397066;
68.6;25.30;0.0000;0.0000;1.4343;1994.79;397482;
68.8;25.31;0.0000;0.0000;1.4348;1995.21;397898;
69.0;25.33;0.0000;0.0000;1.4362;1994.82;398314;
69.2;25.34;0.0000;0.0000;1.4367;1994.82;398730;
69.4;25.33;0.0000;0.0000;1.4358;1994.87;399146;
69.6;25.31;0.0000;0.0000;1.4348;1994.95;399562;
69.8;25.30;0.0000;0.0000;1.4340;1994.96;399978;
70.0;25.27;0.0000;0.0000;1.4328;1994.92;400394;
70.2;25.25;0.0000;0.0000;1.4313;1994.95;400810;
70.4;25.26;0.0000;0.0000;1.4317;1994.95;401226;
70.6;25.27;0.0000;0.0000;1.4325;1994.92;401642;
70.8;25.28;0.0000;0.0000;1.4333;1994.87;402058;
71.0;25.32;0.0000;0.0000;1.4356;1994.84;402474;
71.2;25.37;0.0000;0.0000;1.4381;1995.22;402890;
71.4;25.39;0.0000;0.0000;1.4396;1995.25;403306;
71.6;25.43;0.0000;0.0000;1.4416;1995.25;403722;
71.8;25.44;0.0000;0.0000;1.4425;1995.27;404138;
72.0;25.45;0.0000;0.0000;1.4426;1995.18;404554;
72.2;25.46;0.0000;0.0000;1.4433;1995.21;404969;
72.4;25.48;0.0000;0.0000;1.4445;1995.30;405385;
72.6;25.46;0.0000;0.0000;1.4431;1994.89;405801;
72.8;25.42;0.0000;0.0000;1.4411;1994.89;406217;
73.0;25.40;0.0000;0.0000;1.4397;1994.89;406633;
73.2;25.35;0.0000;0.0000;1.4369;1994.86;407049;
73.4;25.34;0.0000;0.0000;1.4363;1994.80;407465;
73.6;25.31;0.0000;0.0000;1.4350;1994.80;407881;
73.8;25.32;0.0000;0.0000;1.4354;1994.79;408297;
74.0;25.35;0.0000;0.0000;1.4370;1994.79;408713;
74.2;25.39;0.0000;0.0000;1.4392;1994.80;409129;
74.4;25.44;0.0000;0.0000;1.4419;1994.83;409545;
74.6;25.47;0.0000;0.0000;1.4441;1994.86;409961;
74.8;25.49;0.0000;0.0000;1.4448;1994.86;410377;
75.0;25.50;0.0000;0.0000;1.4456;1994.84;410793;
75.2;25.54;0.0000;0.0000;1.4476;1994.84;411209;
75.4;25.52;0.0000;0.0000;1.4465;1994.80;411625;
75.6;25.50;0.0000;0.0000;1.4454;1994.82;412041;
75.8;25.47;0.0000;0.0000;1.4438;1994.82;412457;
76.0;25.44;0.0000;0.0000;1.4422;1994.84;412873;
76.2;25.42;0.0000;0.0000;1.4411;1994.84;413289;
76.4;25.38;0.0000;0.0000;1.4385;1994.84;413705;
76.6;25.39;0.0000;0.0000;1.4393;1994.80;414121;
76.8;25.39;0.0000;0.0000;1.4392;1994.76;414537;
77.0;25.40;0.0000;0.0000;1.4401;1994.77;414953;
77.2;25.42;0.0000;0.0000;1.4408;1994.77;415369;
77.4;25.45;0.0000;0.0000;1.4429;1994.74;415785;
77.6;25.44;0.0000;0.0000;1.4419;1994.74;416201;
77.8;25.47;0.0000;0.0000;1.4437;1994.73;416617;
78.0;25.47;0.0000;0.0000;1.4438;1994.65;417033;
78.2;25.46;0.0000;0.0000;1.4431;1994.64;417449;
78.4;25.46;0.0000;0.0000;1.4433;1994.65;417865;
78.6;25.44;0.0000;0.0000;1.4420;1994.65;418281;
78.8;25.42;0.0000;0.0000;1.4408;1994.60;418697;
79.0;25.40;0.0000;0.0000;1.4400;1994.61;419113;
79.2;25.38;0.0000;0.0000;1.4390;1994.58;419529;
79.4;25.36;0.0000;0.0000;1.4374;1994.98;419945;
79.6;25.32;0.0000;0.0000;1.4355;1994.99;420361;
79.8;25.32;0.0000;0.0000;1.4355;1994.99;420777;
80.0;25.32;0.0000;0.0000;1.4356;1995.05;421193;
80.2;25.33;0.0000;0.0000;1.4362;1995.00;421609;
80.4;25.34;0.0000;0.0000;1.4366;1995.00;422025;
80.6;25.36;0.0000;0.0000;1.4377;1994.96;422441;
80.8;25.36;0.0000;0.0000;1.4378;1994.54;422857;
81.0;25.38;0.0000;0.0000;1.4386;1994.54;423273;
81.2;25.38;0.0000;0.0000;1.4388;1994.55;423689;
81.4;25.37;0.0000;0.0000;1.4380;1994.52;424105;
81.6;25.36;0.0000;0.0000;1.4377;1994.46;424521;
81.8;25.37;0.0000;0.0000;1.4382;1994.89;424937;
82.0;25.36;0.0000;0.0000;1.4377;1994.93;425353;
82.2;25.39;0.0000;0.0000;1.4393;1994.93;425769;
82.4;25.39;0.0000;0.0000;1.4396;1994.89;426185;
82.6;25.36;0.0000;0.0000;1.4374;1994.90;426601;
82.8;25.35;0.0000;0.0000;1.4370;1994.89;427017;
83.0;25.35;0.0000;0.0000;1.4370;1994.86;427433;
83.2;25.31;0.0000;0.0000;1.4351;1994.42;427849;
83.4;25.30;0.0000;0.0000;1.4341;1994.42;428265;
83.6;25.27;0.0000;0.0000;1.4328;1994.45;428681;
83.8;25.28;0.0000;0.0000;1.4333;1994.45;429097;
84.0;25.32;0.0000;0.0000;1.4354;1994.42;429513;
84.2;25.36;0.0000;0.0000;1.4374;1994.49;429929;
84.4;25.41;0.0000;0.0000;1.4407;1994.45;430345;
84.6;25.46;0.0000;0.0000;1.4435;1994.45;430761;
84.8;25.48;0.0000;0.0000;1.4444;1994.44;431177;
85.0;25.48;0.0000;0.0000;1.4445;1994.38;431593;
85.2;25.46;0.0000;0.0000;1.4434;1994.41;432009;
85.4;25.45;0.0000;0.0000;1.4427;1994.48;432425;
85.6;25.45;0.0000;0.0000;1.4426;1994.48;432841;
85.8;25.45;0.0000;0.0000;1.4429;1994.48;433257;
86.0;25.45;0.0000;0.0000;1.4430;1994.48;433673;
86.2;25.48;0.0000;0.0000;1.4444;1994.45;434089;
86.4;25.55;0.0000;0.0000;1.4484;1994.48;434505;
86.6;25.59;0.0000;0.0000;1.4509;1994.41;434921;
86.8;25.64;0.0000;0.0000;1.4536;1994.42;435337;
87.0;25.68;0.0000;0.0000;1.4561;1994.42;435753;
87.2;25.72;0.0000;0.0000;1.4580;1994.41;436169;
87.4;25.78;0.0000;0.0000;1.4615;1994.44;436585;
87.6;25.81;0.0000;0.0000;1.4631;1994.48;437001;
87.8;25.82;0.0000;0.0000;1.4635;1994.52;437417;
88.0;25.81;0.0000;0.0000;1.4630;1994.52;437833;
88.2;25.81;0.0000;0.0000;1.4629;1994.52;438249;
88.4;25.78;0.0000;0.0000;1.4615;1994.51;438665;
88.6;25.72;0.0000;0.0000;1.4578;1994.54;439081;
88.8;25.67;0.0000;0.0000;1.4554;1994.63;439497;
89.0;25.67;0.0000;0.0000;1.4550;1994.67;439913;
89.2;25.65;0.0000;0.0000;1.4540;1994.64;440329;
89.4;25.63;0.0000;0.0000;1.4532;1994.64;440745;
89.6;25.65;0.0000;0.0000;1.4539;1994.70;441161;
89.8;25.61;0.0000;0.0000;1.4520;1994.73;441577;
90.0;25.60;0.0000;0.0000;1.4512;1994.89;441993;
90.2;25.56;0.0000;0.0000;1.4493;1994.90;442409;
90.4;25.54;0.0000;0.0000;1.4479;1994.90;442825;
90.6;25.49;0.0000;0.0000;1.4450;1994.92;443241;
90.8;25.48;0.0000;0.0000;1.4444;1994.98;443657;
91.0;25.44;0.0000;0.0000;1.4420;1995.02;444073;
91.2;25.43;0.0000;0.0000;1.4415;1995.43;444489;
91.4;25.39;0.0000;0.0000;1.4395;1994.98;444905;
91.6;25.36;0.0000;0.0000;1.4377;1994.98;445321;
91.8;25.32;0.0000;0.0000;1.4356;1994.96;445737;
92.0;25.28;0.0000;0.0000;1.4332;1994.89;446153;
92.2;25.24;0.0000;0.0000;1.4309;1994.93;446569;
92.4;25.18;0.0000;0.0000;1.4273;1994.87;446985;
92.6;25.15;0.0000;0.0000;1.4258;1994.87;447401;
92.8;25.11;0.0000;0.0000;1.4237;1994.87;447817;
93.0;25.07;0.0000;0.0000;1.4213;1994.87;448233;
93.2;25.06;0.0000;0.0000;1.4204;1994.87;448649;
93.4;25.04;0.0000;0.0000;1.4196;1994.87;449065;
93.6;24.99;0.0000;0.0000;1.4168;1995.31;449481;
93.8;24.95;0.0000;0.0000;1.4147;1994.95;449897;
94.0;24.92;0.0000;0.0000;1.4129;1994.95;450313;
94.2;24.89;0.0000;0.0000;1.4110;1994.96;450729;
94.4;24.84;0.0000;0.0000;1.4084;1994.99;451145;
94.6;24.81;0.0000;0.0000;1.4065;1995.02;451561;
94.8;24.79;0.0000;0.0000;1.4055;1995.02;451977;
95.0;24.76;0.0000;0.0000;1.4038;1995.02;452393;
95.2;24.70;0.0000;0.0000;1.4002;1995.02;452809;
95.4;24.66;0.0000;0.0000;1.3979;1995.03;453225;
95.6;24.64;0.0000;0.0000;1.3967;1994.98;453641;
95.8;24.64;0.0000;0.0000;1.3971;1994.99;454057;
96.0;24.63;0.0000;0.0000;1.3961;1995.08;454473;
96.2;24.64;0.0000;0.0000;1.3967;1995.06;454889;
96.4;24.64;0.0000;0.0000;1.3967;1995.06;455305;
96.6;24.66;0.0000;0.0000;1.3979;1994.99;455721;
96.8;24.68;0.0000;0.0000;1.3991;1995.05;456137;
97.0;24.70;0.0000;0.0000;1.4002;1995.05;456553;
97.2;24.72;0.0000;0.0000;1.4012;1995.11;456969;
97.4;24.71;0.0000;0.0000;1.4010;1995.05;457385;
97.6;24.69;0.0000;0.0000;1.3997;1995.05;457801;
97.8;24.68;0.0000;0.0000;1.3989;1995.02;458216;
98.0;24.65;0.0000;0.0000;1.3977;1995.03;458632;
98.2;24.62;0.0000;0.0000;1.3957;1995.00;459048;
98.4;24.58;0.0000;0.0000;1.3933;1995.02;459464;
98.6;24.54;0.0000;0.0000;1.3911;1995.06;459880;
98.8;24.53;0.0000;0.0000;1.3904;1995.06;460296;
99.0;24.50;0.0000;0.0000;1.3887;1994.99;460712;
99.2;24.46;0.0000;0.0000;1.3869;1995.00;461128;
99.4;24.43;0.0000;0.0000;1.3851;1995.02;461544;
99.6;24.41;0.0000;0.0000;1.3839;1994.99;461960;
99.8;24.40;0.0000;0.0000;1.3829;1994.98;462376;
100.0;24.37;0.0000;0.0000;1.3813;1994.98;462792;
100.2;24.31;0.0000;0.0000;1.3782;1994.99;463208;
100.4;24.25;0.0000;0.0000;1.3745;1995.03;463624;
100.6;24.18;0.0000;0.0000;1.3707;1995.02;464040;
100.8;24.15;0.0000;0.0000;1.3688;1994.98;464456;
101.0;24.09;0.0000;0.0000;1.3659;1994.98;464872;
101.2;24.07;0.0000;0.0000;1.3644;1994.90;465288;
101.4;24.04;0.0000;0.0000;1.3631;1994.93;465704;
101.6;24.04;0.0000;0.0000;1.3629;1994.92;466120;
101.8;23.98;0.0000;0.0000;1.3595;1995.28;466536;
102.0;23.96;0.0000;0.0000;1.3580;1995.14;466952;
102.2;23.90;0.0000;0.0000;1.3550;1995.14;467368;
102.4;23.81;0.0000;0.0000;1.3500;1995.11;467784;
102.6;23.75;0.0000;0.0000;1.3464;1995.09;468200;
102.8;23.68;0.0000;0.0000;1.3422;1995.06;468616;
103.0;23.64;0.0000;0.0000;1.3402;1995.05;469032;
103.2;23.60;0.0000;0.0000;1.3381;1994.67;469448;
103.4;23.56;0.0000;0.0000;1.3355;1994.67;469864;
103.6;23.50;0.0000;0.0000;1.3323;1994.67;470280;
103.8;23.44;0.0000;0.0000;1.3290;1994.71;470696;
104.0;23.38;0.0000;0.0000;1.3252;1994.73;471112;
104.2;23.33;0.0000;0.0000;1.3225;1995.15;471528;
104.4;23.27;0.0000;0.0000;1.3192;1995.22;471944;
104.6;23.21;0.0000;0.0000;1.3158;1995.22;472360;
104.8;23.18;0.0000;0.0000;1.3140;1995.22;472776;
105.0;23.14;0.0000;0.0000;1.3119;1995.22;473192;
105.2;23.09;0.0000;0.0000;1.3087;1995.19;473608;
105.4;23.02;0.0000;0.0000;1.3051;1995.19;474024;
105.6;22.93;0.0000;0.0000;1.3000;1994.77;474440;
105.8;22.85;0.0000;0.0000;1.2953;1994.77;474856;
106.0;22.76;0.0000;0.0000;1.2903;1994.70;475272;
106.2;22.70;0.0000;0.0000;1.2868;1994.64;475688;
106.4;22.65;0.0000;0.0000;1.2839;1994.57;476104;
106.6;22.62;0.0000;0.0000;1.2820;1994.52;476520;
106.8;22.58;0.0000;0.0000;1.2799;1994.51;476936;
107.0;22.53;0.0000;0.0000;1.2773;1994.51;477352;
107.2;22.50;0.0000;0.0000;1.2754;1994.60;477768;
107.4;22.43;0.0000;0.0000;1.2714;1994.61;478184;
107.6;22.36;0.0000;0.0000;1.2677;1994.61;478600;
107.8;22.29;0.0000;0.0000;1.2638;1994.58;479016;
108.0;22.23;0.0000;0.0000;1.2604;1994.52;479432;
108.2;22.21;0.0000;0.0000;1.2589;1994.52;479848;
108.4;22.19;0.0000;0.0000;1.2577;1994.44;480264;
108.6;22.21;0.0000;0.0000;1.2590;1994.51;480680;
108.8;22.19;0.0000;0.0000;1.2582;1994.45;481096;
109.0;22.21;0.0000;0.0000;1.2592;1994.52;481512;
109.2;22.25;0.0000;0.0000;1.2611;1994.48;481928;
109.4;22.28;0.0000;0.0000;1.2632;1994.48;482344;
109.6;22.32;0.0000;0.0000;1.2656;1994.49;482760;
109.8;22.37;0.0000;0.0000;1.2684;1994.54;483176;
110.0;22.41;0.0000;0.0000;1.2705;1994.52;483592;
110.2;22.47;0.0000;0.0000;1.2736;1994.52;484008;
110.4;22.55;0.0000;0.0000;1.2785;1994.49;484424;
110.6;22.64;0.0000;0.0000;1.2833;1994.49;484840;
110.8;22.73;0.0000;0.0000;1.2883;1994.46;485256;
111.0;22.79;0.0000;0.0000;1.2920;1994.52;485672;
111.2;22.84;0.0000;0.0000;1.2947;1994.52;486088;
111.4;22.90;0.0000;0.0000;1.2981;1994.54;486504;
111.6;22.96;0.0000;0.0000;1.3015;1994.54;486920;
111.8;23.02;0.0000;0.0000;1.3049;1994.52;487336;
112.0;23.05;0.0000;0.0000;1.3067;1994.51;487752;
112.2;23.08;0.0000;0.0000;1.3082;1994.44;488168;
112.4;23.11;0.0000;0.0000;1.3101;1994.80;488584;
112.6;23.15;0.0000;0.0000;1.3124;1994.83;489000;
112.8;23.20;0.0000;0.0000;1.3153;1994.83;489416;
113.0;23.28;0.0000;0.0000;1.3195;1994.83;489832;
113.2;23.35;0.0000;0.0000;1.3236;1994.89;490248;
113.4;23.42;0.0000;0.0000;1.3278;1994.89;490664;
113.6;23.50;0.0000;0.0000;1.3320;1994.89;491080;
113.8;23.56;0.0000;0.0000;1.3358;1994.52;491496;
114.0;23.60;0.0000;0.0000;1.3379;1994.52;491912;
114.2;23.66;0.0000;0.0000;1.3414;1994.55;492328;
114.4;23.71;0.0000;0.0000;1.3439;1994.55;492744;
114.6;23.77;0.0000;0.0000;1.3474;1994.60;493160;
114.8;23.85;0.0000;0.0000;1.3520;1995.02;493576;
115.0;23.91;0.0000;0.0000;1.3552;1995.02;493992;
115.2;23.97;0.0000;0.0000;1.3591;1995.02;494408;
115.4;24.01;0.0000;0.0000;1.3613;1995.02;494824;
115.6;24.03;0.0000;0.0000;1.3620;1995.08;495240;
115.8;24.04;0.0000;0.0000;1.3631;1994.99;495656;
116.0;24.05;0.0000;0.0000;1.3635;1995.41;496072;
116.2;24.01;0.0000;0.0000;1.3609;1995.02;496488;
116.4;23.94;0.0000;0.0000;1.3571;1995.02;496904;
116.6;23.87;0.0000;0.0000;1.3534;1994.95;497320;
116.8;23.79;0.0000;0.0000;1.3488;1994.98;497736;
117.0;23.70;0.0000;0.0000;1.3434;1995.02;498152;
117.2;23.60;0.0000;0.0000;1.3381;1995.08;498568;
117.4;23.50;0.0000;0.0000;1.3324;1995.08;498984;
117.6;23.40;0.0000;0.0000;1.3263;1995.08;499400;
117.8;23.27;0.0000;0.0000;1.3194;1995.06;499816;
118.0;23.15;0.0000;0.0000;1.3124;1995.11;500232;
118.2;23.05;0.0000;0.0000;1.3066;1995.14;500648;
118.4;22.94;0.0000;0.0000;1.3006;1995.15;501064;
118.6;22.86;0.0000;0.0000;1.2957;1995.15;501480;
118.8;22.77;0.0000;0.0000;1.2909;1995.15;501896;
119.0;22.68;0.0000;0.0000;1.2860;1995.19;502312;
119.2;22.60;0.0000;0.0000;1.2814;1995.14;502728;
119.4;22.51;0.0000;0.0000;1.2759;1995.15;503144;
119.6;22.41;0.0000;0.0000;1.2702;1995.11;503560;
119.8;22.28;0.0000;0.0000;1.2628;1995.18;503976;
120.0;22.14;0.0000;0.0000;1.2553;1995.18;504392;
120.2;22.03;0.0000;0.0000;1.2488;1995.18;504808;
120.4;21.92;0.0000;0.0000;1.2427;1995.22;505224;
120.6;21.81;0.0000;0.0000;1.2364;1995.19;505640;
120.8;21.69;0.0000;0.0000;1.2295;1995.22;506056;
121.0;21.55;0.0000;0.0000;1.2216;1995.17;506472;
121.2;21.45;0.0000;0.0000;1.2159;1995.17;506888;
121.4;21.35;0.0000;0.0000;1.2104;1995.15;507304;
121.6;21.29;0.0000;0.0000;1.2067;1995.17;507720;
121.8;21.23;0.0000;0.0000;1.2035;1995.12;508136;
122.0;21.18;0.0000;0.0000;1.2006;1995.14;508552;
122.2;21.10;0.0000;0.0000;1.1964;1995.17;508968;
122.4;21.03;0.0000;0.0000;1.1920;1995.17;509384;
122.6;21.00;0.0000;0.0000;1.1903;1995.14;509800;
122.8;21.01;0.0000;0.0000;1.1909;1995.12;510216;
123.0;21.02;0.0000;0.0000;1.1915;1995.09;510632;
123.2;21.03;0.0000;0.0000;1.1920;1995.09;511048;
123.4;21.04;0.0000;0.0000;1.1930;1995.09;511464;
123.6;21.05;0.0000;0.0000;1.1935;1995.05;511880;
123.8;21.05;0.0000;0.0000;1.1933;1995.02;512296;
124.0;21.03;0.0000;0.0000;1.1920;1995.06;512712;
124.2;21.02;0.0000;0.0000;1.1916;1995.52;513128;
124.4;21.00;0.0000;0.0000;1.1903;1995.08;513544;
124.6;20.95;0.0000;0.0000;1.1875;1995.08;513960;
124.8;20.90;0.0000;0.0000;1.1847;1995.02;514376;
125.0;20.84;0.0000;0.0000;1.1817;1995.05;514792;
125.2;20.80;0.0000;0.0000;1.1794;1995.05;515208;
125.4;20.75;0.0000;0.0000;1.1761;1995.05;515624;
125.6;20.70;0.0000;0.0000;1.1732;1995.06;516040;
125.8;20.68;0.0000;0.0000;1.1724;1995.06;516456;
126.0;20.71;0.0000;0.0000;1.1742;1995.00;516872;
126.2;20.72;0.0000;0.0000;1.1747;1994.99;517288;
126.4;20.70;0.0000;0.0000;1.1735;1994.98;517704;
126.6;20.65;0.0000;0.0000;1.1707;1995.35;518120;
126.8;20.60;0.0000;0.0000;1.1679;1994.92;518536;
127.0;20.58;0.0000;0.0000;1.1664;1994.92;518952;
127.2;20.49;0.0000;0.0000;1.1618;1994.92;519368;
127.4;20.39;0.0000;0.0000;1.1561;1994.89;519784;
127.6;20.26;0.0000;0.0000;1.1487;1994.89;520200;
127.8;20.16;0.0000;0.0000;1.1427;1994.90;520616;
128.0;20.08;0.0000;0.0000;1.1385;1994.48;521032;
128.2;20.02;0.0000;0.0000;1.1351;1994.48;521448;
128.4;19.95;0.0000;0.0000;1.1310;1994.54;521864;
128.6;19.87;0.0000;0.0000;1.1263;1994.58;522280;
128.8;19.78;0.0000;0.0000;1.1214;1994.58;522696;
129.0;19.72;0.0000;0.0000;1.1179;1994.52;523112;
129.2;19.68;0.0000;0.0000;1.1156;1994.49;523528;
129.4;19.65;0.0000;0.0000;1.1141;1994.49;523944;
129.6;19.64;0.0000;0.0000;1.1133;1994.49;524360;
129.8;19.60;0.0000;0.0000;1.1113;1994.52;524776;
130.0;19.53;0.0000;0.0000;1.1069;1994.49;525192;
130.2;19.42;0.0000;0.0000;1.1009;1994.46;525608;
130.4;19.25;0.0000;0.0000;1.0915;1994.51;526024;
130.6;19.08;0.0000;0.0000;1.0816;1994.51;526440;
130.8;18.91;0.0000;0.0000;1.0722;1994.49;526856;
131.0;18.78;0.0000;0.0000;1.0646;1994.48;527272;
131.2;18.67;0.0000;0.0000;1.0584;1994.48;527688;
131.4;18.58;0.0000;0.0000;1.0531;1994.45;528104;
131.6;18.52;0.0000;0.0000;1.0499;1994.52;528520;
131.8;18.51;0.0000;0.0000;1.0490;1994.52;528936;
132.0;18.50;0.0000;0.0000;1.0486;1994.45;529352;
132.2;18.49;0.0000;0.0000;1.0481;1994.44;529768;
132.4;18.45;0.0000;0.0000;1.0462;1994.39;530184;
132.6;18.39;0.0000;0.0000;1.0426;1994.38;530600;
132.8;18.32;0.0000;0.0000;1.0387;1994.41;531016;
133.0;18.27;0.0000;0.0000;1.0360;1994.41;531432;
133.2;18.24;0.0000;0.0000;1.0338;1994.42;531848;
133.4;18.20;0.0000;0.0000;1.0316;1994.44;532264;
133.6;18.10;0.0000;0.0000;1.0260;1994.44;532680;
133.8;17.95;0.0000;0.0000;1.0177;1994.48;533096;
134.0;17.85;0.0000;0.0000;1.0120;1994.48;533512;
134.2;17.83;0.0000;0.0000;1.0105;1994.48;533928;
134.4;17.85;0.0000;0.0000;1.0119;1994.45;534344;
134.6;17.89;0.0000;0.0000;1.0143;1994.45;534760;
134.8;17.92;0.0000;0.0000;1.0160;1994.89;535176;
135.0;17.97;0.0000;0.0000;1.0190;1994.89;535592;
135.2;18.05;0.0000;0.0000;1.0230;1994.89;536008;
135.4;18.09;0.0000;0.0000;1.0258;1994.86;536424;
135.6;18.12;0.0000;0.0000;1.0270;1994.84;536840;
135.8;18.11;0.0000;0.0000;1.0267;1994.92;537256;
136.0;18.11;0.0000;0.0000;1.0269;1994.89;537672;
136.2;18.18;0.0000;0.0000;1.0305;1994.48;538088;
136.4;18.40;0.0000;0.0000;1.0433;1994.48;538504;
136.6;18.84;0.0000;0.0000;1.0680;1994.46;538920;
136.8;19.43;0.0000;0.0000;1.1016;1994.49;539336;
137.0;20.04;0.0000;0.0000;1.1361;1994.44;539752;
137.2;20.54;0.0000;0.0000;1.1643;1994.83;540168;
137.4;20.86;0.0000;0.0000;1.1824;1994.80;540584;
137.6;21.08;0.0000;0.0000;1.1950;1994.80;541000;
137.8;21.23;0.0000;0.0000;1.2033;1994.79;541416;
138.0;21.38;0.0000;0.0000;1.2118;1994.80;541832;
138.2;21.50;0.0000;0.0000;1.2190;1994.79;542248;
138.4;21.54;0.0000;0.0000;1.2210;1995.22;542664;
138.6;21.52;0.0000;0.0000;1.2202;1994.80;543080;
138.8;21.56;0.0000;0.0000;1.2221;1994.80;543496;
139.0;21.58;0.0000;0.0000;1.2232;1994.83;543912;
139.2;21.52;0.0000;0.0000;1.2202;1994.80;544328;
139.4;21.44;0.0000;0.0000;1.2156;1994.76;544744;
139.6;21.36;0.0000;0.0000;1.2111;1994.73;545160;
139.8;21.30;0.0000;0.0000;1.2074;1994.71;545576;
140.0;21.18;0.0000;0.0000;1.2009;1994.71;545992;
140.2;21.02;0.0000;0.0000;1.1915;1994.71;546408;
140.4;20.75;0.0000;0.0000;1.1764;1994.63;546824;
140.6;20.46;0.0000;0.0000;1.1598;1994.60;547240;
140.8;20.07;0.0000;0.0000;1.1378;1994.55;547656;
141.0;19.58;0.0000;0.0000;1.1102;1994.58;548072;
141.2;19.02;0.0000;0.0000;1.0785;1994.58;548488;
141.4;18.48;0.0000;0.0000;1.0474;1994.51;548904;
141.6;18.03;0.0000;0.0000;1.0224;1994.52;549320;
141.8;17.79;0.0000;0.0000;1.0086;1994.49;549736;
142.0;17.72;0.0000;0.0000;1.0048;1994.48;550152;
142.2;17.70;0.0000;0.0000;1.0036;1994.58;550568;
142.4;17.77;0.0000;0.0000;1.0074;1994.58;550984;
142.6;17.89;0.0000;0.0000;1.0141;1994.54;551400;
142.8;18.00;0.0000;0.0000;1.0202;1994.55;551816;
143.0;18.08;0.0000;0.0000;1.0252;1994.51;552232;
143.2;18.17;0.0000;0.0000;1.0303;1994.49;552648;
143.4;18.27;0.0000;0.0000;1.0354;1994.46;553064;
143.6;18.34;0.0000;0.0000;1.0395;1994.46;553480;
143.8;18.38;0.0000;0.0000;1.0421;1994.41;553896;
144.0;18.44;0.0000;0.0000;1.0455;1994.42;554312;
144.2;18.55;0.0000;0.0000;1.0515;1994.46;554728;
144.4;18.68;0.0000;0.0000;1.0589;1994.46;555144;
144.6;18.79;0.0000;0.0000;1.0650;1994.46;555560;
144.8;18.85;0.0000;0.0000;1.0688;1994.46;555976;
145.0;18.90;0.0000;0.0000;1.0714;1994.42;556392;
145.2;18.94;0.0000;0.0000;1.0740;1994.41;556808;
145.4;19.00;0.0000;0.0000;1.0771;1994.35;557224;
145.6;19.03;0.0000;0.0000;1.0789;1994.32;557640;
145.8;19.06;0.0000;0.0000;1.0806;1994.32;558056;
146.0;19.12;0.0000;0.0000;1.0842;1994.26;558472;
146.2;19.18;0.0000;0.0000;1.0875;1994.28;558888;
146.4;19.23;0.0000;0.0000;1.0902;1994.28;559304;
146.6;19.27;0.0000;0.0000;1.0924;1994.70;559720;
146.8;19.27;0.0000;0.0000;1.0925;1994.30;560136;
147.0;19.28;0.0000;0.0000;1.0928;1994.30;560552;
147.2;19.31;0.0000;0.0000;1.0948;1994.36;560968;
147.4;19.32;0.0000;0.0000;1.0954;1994.39;561384;
147.6;19.31;0.0000;0.0000;1.0949;1994.42;561800;
147.8;19.34;0.0000;0.0000;1.0962;1994.41;562216;
148.0;19.38;0.0000;0.0000;1.0986;1994.38;562632;
148.2;19.43;0.0000;0.0000;1.1013;1994.38;563048;
148.4;19.46;0.0000;0.0000;1.1033;1994.38;563464;
148.6;19.50;0.0000;0.0000;1.1056;1994.41;563880;
148.8;19.57;0.0000;0.0000;1.1097;1994.38;564296;
149.0;19.65;0.0000;0.0000;1.1137;1994.83;564712;
149.2;19.72;0.0000;0.0000;1.1179;1994.41;565128;
149.4;19.85;0.0000;0.0000;1.1253;1994.41;565544;
149.6;19.97;0.0000;0.0000;1.1318;1994.41;565960;
149.8;20.06;0.0000;0.0000;1.1370;1994.35;566376;
150.0;20.16;0.0000;0.0000;1.1427;1994.38;566792;
150.2;20.25;0.0000;0.0000;1.1480;1994.41;567208;
150.4;20.32;0.0000;0.0000;1.1521;1993.98;567624;
150.6;20.40;0.0000;0.0000;1.1565;1993.98;568040;
150.8;20.49;0.0000;0.0000;1.1617;1993.98;568456;
151.0;20.59;0.0000;0.0000;1.1671;1994.00;568872;
151.2;20.69;0.0000;0.0000;1.1728;1993.97;569288;
151.4;20.79;0.0000;0.0000;1.1787;1994.01;569704;
151.6;20.91;0.0000;0.0000;1.1855;1994.01;570120;
151.8;21.02;0.0000;0.0000;1.1918;1994.01;570536;
152.0;21.15;0.0000;0.0000;1.1987;1994.03;570952;
152.2;21.24;0.0000;0.0000;1.2039;1994.06;571368;
152.4;21.35;0.0000;0.0000;1.2101;1994.06;571784;
152.6;21.46;0.0000;0.0000;1.2165;1994.03;572200;
152.8;21.57;0.0000;0.0000;1.2225;1994.08;572616;
153.0;21.61;0.0000;0.0000;1.2250;1994.08;573032;
153.2;21.62;0.0000;0.0000;1.2257;1994.04;573448;
153.4;21.62;0.0000;0.0000;1.2258;1994.14;573864;
153.6;21.64;0.0000;0.0000;1.2270;1994.10;574280;
153.8;21.69;0.0000;0.0000;1.2296;1994.14;574696;
154.0;21.71;0.0000;0.0000;1.2307;1994.22;575112;
154.2;21.73;0.0000;0.0000;1.2319;1994.22;575528;
154.4;21.76;0.0000;0.0000;1.2333;1994.16;575944;
154.6;21.77;0.0000;0.0000;1.2344;1994.17;576360;
154.8;21.79;0.0000;0.0000;1.2352;1994.20;576776;
155.0;21.83;0.0000;0.0000;1.2374;1994.25;577192;
155.2;21.88;0.0000;0.0000;1.2405;1994.26;577608;
155.4;21.95;0.0000;0.0000;1.2443;1994.26;578024;
155.6;22.01;0.0000;0.0000;1.2479;1994.27;578440;
155.8;22.07;0.0000;0.0000;1.2511;1994.26;578856;
156.0;22.12;0.0000;0.0000;1.2540;1994.29;579272;
156.2;22.19;0.0000;0.0000;1.2581;1994.23;579688;
156.4;22.26;0.0000;0.0000;1.2619;1994.23;580104;
156.6;22.35;0.0000;0.0000;1.2668;1994.23;580520;
156.8;22.42;0.0000;0.0000;1.2710;1994.23;580936;
157.0;22.50;0.0000;0.0000;1.2754;1994.23;581352;
157.2;22.56;0.0000;0.0000;1.2786;1994.67;581768;
157.4;22.59;0.0000;0.0000;1.2808;1994.68;582184;
157.6;22.64;0.0000;0.0000;1.2837;1994.68;582600;
157.8;22.69;0.0000;0.0000;1.2861;1994.68;583016;
158.0;22.73;0.0000;0.0000;1.2887;1994.67;583432;
158.2;22.83;0.0000;0.0000;1.2942;1994.67;583848;
158.4;22.95;0.0000;0.0000;1.3010;1994.64;584264;
158.6;23.07;0.0000;0.0000;1.3081;1994.19;584680;
158.8;23.22;0.0000;0.0000;1.3162;1994.19;585096;
159.0;23.37;0.0000;0.0000;1.3248;1994.13;585512;
159.2;23.53;0.0000;0.0000;1.3339;1994.10;585928;
159.4;23.70;0.0000;0.0000;1.3433;1994.10;586344;
159.6;23.87;0.0000;0.0000;1.3533;1994.51;586760;
159.8;24.04;0.0000;0.0000;1.3628;1994.51;587176;
160.0;24.19;0.0000;0.0000;1.3714;1994.51;587592;
160.2;24.32;0.0000;0.0000;1.3789;1994.51;588008;
160.4;24.46;0.0000;0.0000;1.3863;1994.48;588424;
160.6;24.58;0.0000;0.0000;1.3931;1994.51;588840;
160.8;24.67;0.0000;0.0000;1.3987;1994.51;589256;
161.0;24.75;0.0000;0.0000;1.4031;1994.13;589672;
161.2;24.81;0.0000;0.0000;1.4066;1994.13;590088;
161.4;24.86;0.0000;0.0000;1.4095;1994.11;590504;
161.6;24.86;0.0000;0.0000;1.4091;1994.11;590920;
161.8;24.81;0.0000;0.0000;1.4062;1994.17;591336;
162.0;24.72;0.0000;0.0000;1.4016;1994.11;591752;
162.2;24.62;0.0000;0.0000;1.3955;1994.07;592168;
162.4;24.48;0.0000;0.0000;1.3877;1994.07;592584;
162.6;24.35;0.0000;0.0000;1.3802;1994.09;593000;
162.8;24.22;0.0000;0.0000;1.3733;1994.10;593416;
163.0;24.10;0.0000;0.0000;1.3665;1994.13;593832;
163.2;23.93;0.0000;0.0000;1.3567;1994.16;594248;
163.4;23.77;0.0000;0.0000;1.3475;1994.20;594664;
163.6;23.62;0.0000;0.0000;1.3390;1994.20;595080;
163.8;23.44;0.0000;0.0000;1.3286;1994.20;595496;
164.0;23.27;0.0000;0.0000;1.3192;1994.23;595912;
164.2;23.11;0.0000;0.0000;1.3098;1994.20;596328;
164.4;22.93;0.0000;0.0000;1.3002;1994.22;596744;
164.6;22.80;0.0000;0.0000;1.2928;1994.28;597160;
164.8;22.66;0.0000;0.0000;1.2848;1994.28;597576;
165.0;22.54;0.0000;0.0000;1.2780;1994.22;597992;
165.2;22.44;0.0000;0.0000;1.2724;1994.26;598408;
165.4;22.35;0.0000;0.0000;1.2669;1994.20;598824;
165.6;22.24;0.0000;0.0000;1.2608;1994.22;599240;
165.8;22.12;0.0000;0.0000;1.2540;1994.19;599656;
166.0;22.01;0.0000;0.0000;1.2479;1994.19;600072;
166.2;21.93;0.0000;0.0000;1.2431;1994.11;600488;
166.4;21.81;0.0000;0.0000;1.2364;1994.11;600904;
166.6;21.70;0.0000;0.0000;1.2304;1994.14;601320;
166.8;21.60;0.0000;0.0000;1.2243;1994.16;601736;
167.0;21.48;0.0000;0.0000;1.2179;1994.11;602152;
167.2;21.38;0.0000;0.0000;1.2122;1994.11;602568;
167.4;21.28;0.0000;0.0000;1.2065;1994.10;602984;
167.6;21.16;0.0000;0.0000;1.1997;1994.11;603400;
167.8;21.06;0.0000;0.0000;1.1937;1994.11;603816;
168.0;20.96;0.0000;0.0000;1.1881;1994.06;604232;
168.2;20.87;0.0000;0.0000;1.1833;1994.06;604648;
168.4;20.84;0.0000;0.0000;1.1811;1994.06;605064;
168.6;20.84;0.0000;0.0000;1.1811;1994.09;605480;
168.8;20.84;0.0000;0.0000;1.1816;1994.06;605896;
169.0;20.90;0.0000;0.0000;1.1849;1994.48;606312;
169.2;20.97;0.0000;0.0000;1.1886;1994.06;606728;
169.4;21.06;0.0000;0.0000;1.1937;1994.06;607144;
169.6;21.15;0.0000;0.0000;1.1990;1994.09;607560;
169.8;21.25;0.0000;0.0000;1.2048;1994.09;607976;
170.0;21.39;0.0000;0.0000;1.2125;1994.10;608392;
170.2;21.52;0.0000;0.0000;1.2202;1994.07;608808;
170.4;21.66;0.0000;0.0000;1.2277;1994.10;609224;
170.6;21.78;0.0000;0.0000;1.2348;1994.10;609640;
170.8;21.89;0.0000;0.0000;1.2409;1994.14;610056;
171.0;21.99;0.0000;0.0000;1.2464;1994.17;610472;
171.2;22.06;0.0000;0.0000;1.2507;1994.16;610888;
171.4;22.11;0.0000;0.0000;1.2532;1994.57;611304;
171.6;22.13;0.0000;0.0000;1.2548;1994.16;611720;
171.8;22.18;0.0000;0.0000;1.2573;1994.16;612136;
172.0;22.24;0.0000;0.0000;1.2605;1994.13;612552;
172.2;22.29;0.0000;0.0000;1.2634;1994.11;612968;
172.4;22.36;0.0000;0.0000;1.2673;1994.11;613384;
172.6;22.40;0.0000;0.0000;1.2699;1994.17;613800;
172.8;22.46;0.0000;0.0000;1.2732;1994.13;614216;
173.0;22.50;0.0000;0.0000;1.2758;1994.13;614632;
173.2;22.57;0.0000;0.0000;1.2797;1994.14;615048;
173.4;22.64;0.0000;0.0000;1.2835;1994.19;615464;
173.6;22.71;0.0000;0.0000;1.2874;1994.22;615880;
173.8;22.80;0.0000;0.0000;1.2923;1994.16;616296;
174.0;22.87;0.0000;0.0000;1.2965;1994.17;616712;
174.2;22.93;0.0000;0.0000;1.3000;1994.17;617128;
174.4;22.97;0.0000;0.0000;1.3023;1994.22;617544;
174.6;23.02;0.0000;0.0000;1.3052;1994.22;617960;
174.8;23.08;0.0000;0.0000;1.3082;1994.25;618376;
175.0;23.14;0.0000;0.0000;1.3120;1994.23;618792;
175.2;23.22;0.0000;0.0000;1.3162;1993.88;619208;
175.4;23.29;0.0000;0.0000;1.3202;1993.88;619624;
175.6;23.33;0.0000;0.0000;1.3227;1993.84;620040;
175.8;23.38;0.0000;0.0000;1.3253;1993.90;620456;
176.0;23.46;0.0000;0.0000;1.3301;1993.87;620872;
176.2;23.53;0.0000;0.0000;1.3339;1993.90;621288;
176.4;23.62;0.0000;0.0000;1.3391;1993.84;621704;
176.6;23.65;0.0000;0.0000;1.3406;1993.84;622120;
176.8;23.69;0.0000;0.0000;1.3430;1993.84;622536;
177.0;23.74;0.0000;0.0000;1.3456;1993.88;622952;
177.2;23.78;0.0000;0.0000;1.3482;1993.87;623368;
177.4;23.79;0.0000;0.0000;1.3489;1993.90;623784;
177.6;23.82;0.0000;0.0000;1.3503;1993.88;624200;
177.8;23.85;0.0000;0.0000;1.3523;1993.88;624616;
178.0;23.87;0.0000;0.0000;1.3531;1993.88;625032;
178.2;23.88;0.0000;0.0000;1.3537;1993.92;625448;
178.4;23.90;0.0000;0.0000;1.3546;1993.92;625864;
178.6;23.91;0.0000;0.0000;1.3552;1993.90;626280;
178.8;23.92;0.0000;0.0000;1.3561;1993.90;626696;
179.0;23.95;0.0000;0.0000;1.3575;1993.81;627112;
179.2;23.96;0.0000;0.0000;1.3582;1993.78;627528;
179.4;24.03;0.0000;0.0000;1.3620;1993.79;627944;
179.6;24.06;0.0000;0.0000;1.3640;1994.22;628360;
179.8;24.11;0.0000;0.0000;1.3667;1994.23;628776;
180.0;24.16;0.0000;0.0000;1.3699;1994.23;629192;
180.2;24.23;0.0000;0.0000;1.3735;1994.23;629608;
180.4;24.30;0.0000;0.0000;1.3778;1994.35;630024;
180.6;24.35;0.0000;0.0000;1.3806;1994.35;630440;
180.8;24.39;0.0000;0.0000;1.3824;1994.39;630856;
181.0;24.42;0.0000;0.0000;1.3842;1993.94;631272;
181.2;24.46;0.0000;0.0000;1.3863;1993.94;631688;
181.4;24.47;0.0000;0.0000;1.3874;1993.98;632104;
181.6;24.48;0.0000;0.0000;1.3880;1993.94;632520;
181.8;24.50;0.0000;0.0000;1.3889;1993.91;632936;
182.0;24.53;0.0000;0.0000;1.3904;1994.33;633352;
182.2;24.56;0.0000;0.0000;1.3925;1994.36;633768;
182.4;24.60;0.0000;0.0000;1.3945;1994.36;634184;
182.6;24.66;0.0000;0.0000;1.3978;1994.39;634600;
182.8;24.70;0.0000;0.0000;1.4004;1994.39;635016;
183.0;24.73;0.0000;0.0000;1.4020;1994.35;635432;
183.2;24.79;0.0000;0.0000;1.4053;1994.32;635848;
183.4;24.82;0.0000;0.0000;1.4072;1993.91;636264;
183.6;24.88;0.0000;0.0000;1.4104;1993.91;636680;
183.8;24.93;0.0000;0.0000;1.4134;1993.88;637096;
184.0;24.95;0.0000;0.0000;1.4147;1993.88;637512;
184.2;25.00;0.0000;0.0000;1.4171;1993.89;637928;
184.4;25.01;0.0000;0.0000;1.4181;1993.97;638344;
184.6;25.02;0.0000;0.0000;1.4185;1993.90;638760;
184.8;25.04;0.0000;0.0000;1.4193;1993.90;639176;
185.0;25.02;0.0000;0.0000;1.4183;1993.94;639592;
185.2;25.03;0.0000;0.0000;1.4190;1993.91;640008;
185.4;25.07;0.0000;0.0000;1.4213;1993.87;640424;
185.6;25.12;0.0000;0.0000;1.4241;1993.85;640840;
185.8;25.14;0.0000;0.0000;1.4250;1993.91;641256;
186.0;25.15;0.0000;0.0000;1.4257;1993.91;641672;
186.2;25.15;0.0000;0.0000;1.4260;1993.92;642088;
186.4;25.17;0.0000;0.0000;1.4267;1993.88;642504;
186.6;25.17;0.0000;0.0000;1.4268;1993.88;642920;
186.8;25.16;0.0000;0.0000;1.4265;1993.79;643336;
187.0;25.19;0.0000;0.0000;1.4282;1993.75;643752;
187.2;25.18;0.0000;0.0000;1.4272;1993.75;644168;
187.4;25.20;0.0000;0.0000;1.4283;1994.10;644584;
187.6;25.21;0.0000;0.0000;1.4290;1994.14;645000;
187.8;25.22;0.0000;0.0000;1.4295;1994.09;645416;
188.0;25.23;0.0000;0.0000;1.4303;1994.09;645832;
188.2;25.25;0.0000;0.0000;1.4311;1994.06;646248;
188.4;25.27;0.0000;0.0000;1.4324;1994.06;646664;
188.6;25.26;0.0000;0.0000;1.4322;1994.10;647080;
188.8;25.27;0.0000;0.0000;1.4324;1994.04;647496;
189.0;25.27;0.0000;0.0000;1.4325;1994.01;647912;
189.2;25.26;0.0000;0.0000;1.4322;1994.01;648328;
189.4;25.26;0.0000;0.0000;1.4317;1994.00;648744;
189.6;25.27;0.0000;0.0000;1.4328;1994.00;649160;
189.8;25.28;0.0000;0.0000;1.4332;1994.01;649576;
190.0;25.34;0.0000;0.0000;1.4365;1994.00;649992;
190.2;25.44;0.0000;0.0000;1.4425;1994.38;650408;
190.4;25.52;0.0000;0.0000;1.4468;1994.36;650824;
190.6;25.57;0.0000;0.0000;1.4494;1994.36;651240;
190.8;25.60;0.0000;0.0000;1.4510;1994.36;651656;
191.0;25.64;0.0000;0.0000;1.4533;1994.41;652072;
191.2;25.65;0.0000;0.0000;1.4539;1994.45;652488;
191.4;25.66;0.0000;0.0000;1.4544;1994.44;652904;
191.6;25.68;0.0000;0.0000;1.4555;1994.00;653320;
191.8;25.71;0.0000;0.0000;1.4573;1994.00;653736;
192.0;25.74;0.0000;0.0000;1.4589;1993.97;654152;
192.2;25.75;0.0000;0.0000;1.4599;1994.04;654568;
192.4;25.77;0.0000;0.0000;1.4611;1993.92;654984;
192.6;25.79;0.0000;0.0000;1.4618;1993.87;655400;
192.8;25.80;0.0000;0.0000;1.4625;1993.81;655816;
193.0;25.81;0.0000;0.0000;1.4634;1993.81;656232;
193.2;25.83;0.0000;0.0000;1.4642;1993.81;656648;
193.4;25.86;0.0000;0.0000;1.4660;1993.76;657064;
193.6;25.90;0.0000;0.0000;1.4683;1993.76;657480;
193.8;25.94;0.0000;0.0000;1.4704;1993.92;657896;
194.0;25.94;0.0000;0.0000;1.4704;1993.50;658312;
194.2;25.97;0.0000;0.0000;1.4724;1993.50;658728;
194.4;25.99;0.0000;0.0000;1.4735;1993.52;659144;
194.6;26.03;0.0000;0.0000;1.4754;1993.47;659560;
194.8;26.05;0.0000;0.0000;1.4765;1993.46;659976;
195.0;26.05;0.0000;0.0000;1.4770;1993.53;660392;
195.2;26.09;0.0000;0.0000;1.4792;1993.52;660808;
195.4;26.13;0.0000;0.0000;1.4815;1993.52;661224;
195.6;26.16;0.0000;0.0000;1.4830;1993.50;661640;
195.8;26.21;0.0000;0.0000;1.4860;1993.47;662056;
196.0;26.24;0.0000;0.0000;1.4877;1993.53;662472;
196.2;26.27;0.0000;0.0000;1.4892;1993.56;662888;
196.4;26.30;0.0000;0.0000;1.4907;1993.52;663304;
196.6;26.30;0.0000;0.0000;1.4908;1993.52;663720;
196.8;26.30;0.0000;0.0000;1.4911;1993.49;664136;
197.0;26.32;0.0000;0.0000;1.4920;1993.52;664552;
197.2;26.37;0.0000;0.0000;1.4947;1993.49;664968;
197.4;26.38;0.0000;0.0000;1.4957;1993.47;665384;
197.6;26.41;0.0000;0.0000;1.4972;1993.44;665800;
197.8;26.42;0.0000;0.0000;1.4976;1993.44;666216;
198.0;26.42;0.0000;0.0000;1.4980;1993.41;666632;
198.2;26.42;0.0000;0.0000;1.4977;1993.44;667048;
198.4;26.42;0.0000;0.0000;1.4980;1993.46;667464;
198.6;26.44;0.0000;0.0000;1.4988;1993.47;667880;
198.8;26.42;0.0000;0.0000;1.4979;1993.53;668296;
199.0;26.43;0.0000;0.0000;1.4984;1993.53;668712;
199.2;26.40;0.0000;0.0000;1.4965;1993.52;669128;
199.4;26.39;0.0000;0.0000;1.4960;1993.50;669544;
199.6;26.37;0.0000;0.0000;1.4950;1993.49;669960;
199.8;26.36;0.0000;0.0000;1.4943;1993.49;670376;
200.0;26.36;0.0000;0.0000;1.4945;1993.41;670792;
200.2;26.36;0.0000;0.0000;1.4942;1993.41;671208;
200.4;26.32;0.0000;0.0000;1.4921;1993.43;671624;
200.6;26.30;0.0000;0.0000;1.4912;1993.41;672040;
200.8;26.26;0.0000;0.0000;1.4887;1993.41;672456;
201.0;26.22;0.0000;0.0000;1.4866;1993.47;672872;
201.2;26.18;0.0000;0.0000;1.4840;1993.47;673288;
201.4;26.14;0.0000;0.0000;1.4817;1993.44;673704;
201.6;26.08;0.0000;0.0000;1.4787;1993.43;674120;
201.8;26.06;0.0000;0.0000;1.4772;1993.43;674536;
202.0;26.06;0.0000;0.0000;1.4773;1993.87;674952;
202.2;26.05;0.0000;0.0000;1.4770;1993.50;675368;
202.4;26.04;0.0000;0.0000;1.4761;1993.50;675784;
202.6;26.01;0.0000;0.0000;1.4747;1993.47;676200;
202.8;26.00;0.0000;0.0000;1.4738;1993.47;676616;
203.0;25.98;0.0000;0.0000;1.4727;1993.47;677032;
203.2;25.97;0.0000;0.0000;1.4723;1993.43;677448;
203.4;25.95;0.0000;0.0000;1.4710;1993.44;677864;
203.6;25.96;0.0000;0.0000;1.4719;1993.44;678280;
203.8;25.97;0.0000;0.0000;1.4724;1993.43;678696;
204.0;25.96;0.0000;0.0000;1.4719;1993.46;679112;
204.2;25.95;0.0000;0.0000;1.4710;1993.46;679528;
204.4;25.93;0.0000;0.0000;1.4698;1993.91;679944;
204.6;25.92;0.0000;0.0000;1.4693;1994.00;680360;
204.8;25.92;0.0000;0.0000;1.4693;1994.00;680776;
205.0;25.92;0.0000;0.0000;1.4693;1994.03;681192;
205.2;25.91;0.0000;0.0000;1.4690;1994.04;681608;
205.4;25.90;0.0000;0.0000;1.4683;1994.03;682024;
205.6;25.89;0.0000;0.0000;1.4676;1994.07;682440;
205.8;25.87;0.0000;0.0000;1.4667;1993.95;682856;
206.0;25.86;0.0000;0.0000;1.4660;1993.95;683272;
206.2;25.85;0.0000;0.0000;1.4653;1994.00;683688;
206.4;25.83;0.0000;0.0000;1.4641;1993.94;684104;
206.6;25.83;0.0000;0.0000;1.4641;1993.95;684520;
206.8;25.82;0.0000;0.0000;1.4640;1993.94;684936;
207.0;25.83;0.0000;0.0000;1.4645;1993.88;685352;
207.2;25.82;0.0000;0.0000;1.4638;1993.88;685768;
207.4;25.81;0.0000;0.0000;1.4634;1993.92;686184;
207.6;25.78;0.0000;0.0000;1.4617;1993.90;686600;
207.8;25.76;0.0000;0.0000;1.4606;1993.91;687016;
208.0;25.72;0.0000;0.0000;1.4582;1993.84;687432;
208.2;25.70;0.0000;0.0000;1.4569;1993.82;687848;
208.4;25.69;0.0000;0.0000;1.4565;1993.82;688264;
208.6;25.67;0.0000;0.0000;1.4551;1993.81;688680;
208.8;25.66;0.0000;0.0000;1.4546;1993.79;689096;
209.0;25.63;0.0000;0.0000;1.4532;1993.79;689512;
209.2;25.62;0.0000;0.0000;1.4527;1993.81;689928;
209.4;25.58;0.0000;0.0000;1.4501;1993.88;690344;
209.6;25.55;0.0000;0.0000;1.4482;1993.88;690760;
209.8;25.51;0.0000;0.0000;1.4460;1993.90;691176;
210.0;25.47;0.0000;0.0000;1.4439;1993.94;691592;
210.2;25.45;0.0000;0.0000;1.4427;1993.91;692008;
210.4;25.41;0.0000;0.0000;1.4404;1993.92;692424;
210.6;25.36;0.0000;0.0000;1.4375;1993.88;692840;
210.8;25.30;0.0000;0.0000;1.4343;1993.88;693256;
211.0;25.25;0.0000;0.0000;1.4311;1993.92;693672;
211.2;25.22;0.0000;0.0000;1.4295;1994.06;694088;
211.4;25.20;0.0000;0.0000;1.4288;1994.04;694504;
211.6;25.19;0.0000;0.0000;1.4277;1994.01;694920;
211.8;25.17;0.0000;0.0000;1.4269;1994.01;695336;
212.0;25.17;0.0000;0.0000;1.4268;1994.06;695752;
212.2;25.13;0.0000;0.0000;1.4245;1994.13;696168;
212.4;25.09;0.0000;0.0000;1.4223;1994.11;696584;
212.6;25.04;0.0000;0.0000;1.4194;1994.54;697000;
212.8;25.00;0.0000;0.0000;1.4174;1994.60;697416;
213.0;24.95;0.0000;0.0000;1.4147;1994.60;697832;
213.2;24.92;0.0000;0.0000;1.4128;1994.54;698248;
213.4;24.88;0.0000;0.0000;1.4104;1994.54;698664;
213.6;24.85;0.0000;0.0000;1.4085;1994.55;699080;
213.8;24.80;0.0000;0.0000;1.4057;1994.55;699496;
214.0;24.77;0.0000;0.0000;1.4042;1994.16;699912;
214.2;24.74;0.0000;0.0000;1.4023;1994.16;700328;
214.4;24.72;0.0000;0.0000;1.4015;1994.10;700744;
214.6;24.69;0.0000;0.0000;1.3997;1994.08;701160;
214.8;24.64;0.0000;0.0000;1.3971;1994.08;701576;
215.0;24.61;0.0000;0.0000;1.3952;1994.51;701992;
215.2;24.59;0.0000;0.0000;1.3938;1994.51;702408;
215.4;24.55;0.0000;0.0000;1.3918;1994.51;702824;
215.6;24.52;0.0000;0.0000;1.3898;1994.51;703240;
215.8;24.46;0.0000;0.0000;1.3867;1994.54;703656;
216.0;24.42;0.0000;0.0000;1.3842;1994.52;704072;
216.2;24.36;0.0000;0.0000;1.3808;1994.90;704488;
216.4;24.29;0.0000;0.0000;1.3770;1994.49;704904;
216.6;24.23;0.0000;0.0000;1.3734;1994.49;705320;
216.8;24.16;0.0000;0.0000;1.3695;1994.44;705736;
217.0;24.09;0.0000;0.0000;1.3657;1994.44;706152;
217.2;24.01;0.0000;0.0000;1.3612;1994.41;706568;
217.4;23.93;0.0000;0.0000;1.3567;1994.44;706984;
217.6;23.88;0.0000;0.0000;1.3535;1994.39;707400;
217.8;23.81;0.0000;0.0000;1.3497;1994.39;707816;
218.0;23.73;0.0000;0.0000;1.3454;1994.33;708232;
218.2;23.65;0.0000;0.0000;1.3406;1994.30;708648;
218.4;23.57;0.0000;0.0000;1.3361;1994.33;709064;
218.6;23.47;0.0000;0.0000;1.3305;1994.32;709480;
218.8;23.36;0.0000;0.0000;1.3241;1994.36;709896;
219.0;23.24;0.0000;0.0000;1.3174;1994.36;710312;
219.2;23.14;0.0000;0.0000;1.3119;1994.42;710728;
219.4;23.04;0.0000;0.0000;1.3059;1994.41;711144;
219.6;22.93;0.0000;0.0000;1.3002;1994.49;711560;
219.8;22.81;0.0000;0.0000;1.2929;1994.55;711976;
220.0;22.69;0.0000;0.0000;1.2865;1994.55;712392;
220.2;22.57;0.0000;0.0000;1.2797;1994.55;712808;
220.4;22.44;0.0000;0.0000;1.2720;1994.55;713224;
220.6;22.30;0.0000;0.0000;1.2641;1994.51;713640;
220.8;22.18;0.0000;0.0000;1.2573;1994.58;714056;
221.0;22.06;0.0000;0.0000;1.2503;1994.55;714472;
221.2;21.94;0.0000;0.0000;1.2438;1994.52;714888;
221.4;21.84;0.0000;0.0000;1.2382;1994.52;715304;
221.6;21.76;0.0000;0.0000;1.2336;1994.48;715720;
221.8;21.70;0.0000;0.0000;1.2304;1994.46;716136;
222.0;21.67;0.0000;0.0000;1.2285;1994.46;716552;
222.2;21.67;0.0000;0.0000;1.2283;1994.42;716968;
222.4;21.69;0.0000;0.0000;1.2295;1994.44;717384;
222.6;21.75;0.0000;0.0000;1.2329;1994.44;717800;
222.8;21.82;0.0000;0.0000;1.2367;1994.45;718216;
223.0;21.92;0.0000;0.0000;1.2427;1994.38;718632;
223.2;22.06;0.0000;0.0000;1.2507;1994.25;719048;
223.4;22.23;0.0000;0.0000;1.2604;1994.26;719464;
223.6;22.38;0.0000;0.0000;1.2690;1994.26;719880;
223.8;22.51;0.0000;0.0000;1.2763;1994.26;720296;
224.0;22.69;0.0000;0.0000;1.2863;1994.20;720712;
224.2;22.87;0.0000;0.0000;1.2963;1994.25;721128;
224.4;23.11;0.0000;0.0000;1.3098;1994.63;721544;
224.6;23.35;0.0000;0.0000;1.3237;1994.22;721960;
224.8;23.55;0.0000;0.0000;1.3349;1994.22;722376;
225.0;23.72;0.0000;0.0000;1.3445;1994.20;722792;
225.2;23.89;0.0000;0.0000;1.3543;1994.23;723208;
225.4;24.06;0.0000;0.0000;1.3639;1994.26;723624;
225.6;24.25;0.0000;0.0000;1.3749;1994.27;724040;
225.8;24.40;0.0000;0.0000;1.3832;1994.29;724455;
226.0;24.56;0.0000;0.0000;1.3922;1994.29;724871;
226.2;24.72;0.0000;0.0000;1.4016;1994.29;725287;
226.4;24.91;0.0000;0.0000;1.4121;1994.32;725703;
226.6;25.10;0.0000;0.0000;1.4230;1994.39;726119;
226.8;25.24;0.0000;0.0000;1.4307;1994.80;726535;
227.0;25.40;0.0000;0.0000;1.4400;1994.36;726951;
227.2;25.60;0.0000;0.0000;1.4513;1994.36;727367;
227.4;25.76;0.0000;0.0000;1.4602;1994.44;727783;
227.6;25.89;0.0000;0.0000;1.4675;1994.42;728199;
227.8;25.99;0.0000;0.0000;1.4731;1994.46;728615;
228.0;26.07;0.0000;0.0000;1.4780;1994.48;729031;
228.2;26.10;0.0000;0.0000;1.4793;1994.04;729447;
228.4;26.07;0.0000;0.0000;1.4780;1994.04;729863;
228.6;26.07;0.0000;0.0000;1.4780;1994.03;730279;
228.8;26.02;0.0000;0.0000;1.4751;1994.03;730695;
229.0;25.92;0.0000;0.0000;1.4694;1994.04;731111;
229.2;25.77;0.0000;0.0000;1.4611;1994.11;731527;
229.4;25.60;0.0000;0.0000;1.4512;1994.10;731943;
229.6;25.45;0.0000;0.0000;1.4426;1994.10;732359;
229.8;25.35;0.0000;0.0000;1.4371;1994.10;732775;
230.0;25.23;0.0000;0.0000;1.4302;1994.17;733191;
230.2;25.15;0.0000;0.0000;1.4260;1994.13;733607;
230.4;25.05;0.0000;0.0000;1.4201;1994.14;734023;
230.6;24.98;0.0000;0.0000;1.4162;1994.14;734439;
230.8;24.94;0.0000;0.0000;1.4138;1994.14;734855;
231.0;24.92;0.0000;0.0000;1.4129;1994.11;735271;
231.2;24.86;0.0000;0.0000;1.4095;1994.08;735687;
231.4;24.78;0.0000;0.0000;1.4047;1994.13;736103;
231.6;24.70;0.0000;0.0000;1.4005;1994.08;736519;
231.8;24.62;0.0000;0.0000;1.3959;1994.08;736935;
232.0;24.55;0.0000;0.0000;1.3917;1994.08;737351;
232.2;24.47;0.0000;0.0000;1.3873;1994.10;737767;
232.4;24.31;0.0000;0.0000;1.3779;1994.07;738183;
232.6;24.11;0.0000;0.0000;1.3667;1994.14;738599;
232.8;23.91;0.0000;0.0000;1.3557;1994.10;739015;
233.0;23.73;0.0000;0.0000;1.3455;1994.08;739431;
233.2;23.67;0.0000;0.0000;1.3421;1994.08;739847;
233.4;23.71;0.0000;0.0000;1.3440;1994.10;740263;
233.6;23.71;0.0000;0.0000;1.3441;1994.08;740679;
233.8;23.72;0.0000;0.0000;1.3448;1994.13;741095;
234.0;23.72;0.0000;0.0000;1.3444;1994.07;741511;
234.2;23.72;0.0000;0.0000;1.3449;1994.07;741927;
234.4;23.67;0.0000;0.0000;1.3417;1994.16;742343;
234.6;23.59;0.0000;0.0000;1.3370;1994.10;742759;
234.8;23.47;0.0000;0.0000;1.3306;1994.08;743175;
235.0;23.37;0.0000;0.0000;1.3249;1994.54;743591;
235.2;23.31;0.0000;0.0000;1.3217;1994.58;744007;
235.4;23.26;0.0000;0.0000;1.3185;1994.58;744423;
235.6;23.19;0.0000;0.0000;1.3149;1994.57;744839;
235.8;23.14;0.0000;0.0000;1.3117;1994.60;745255;
236.0;23.13;0.0000;0.0000;1.3112;1994.61;745671;
236.2;23.12;0.0000;0.0000;1.3106;1994.54;746087;
236.4;23.08;0.0000;0.0000;1.3083;1994.19;746503;
236.6;23.09;0.0000;0.0000;1.3087;1994.19;746919;
236.8;23.11;0.0000;0.0000;1.3099;1994.17;747335;
237.0;23.03;0.0000;0.0000;1.3056;1994.19;747751;
237.2;22.88;0.0000;0.0000;1.2970;1994.14;748167;
237.4;22.77;0.0000;0.0000;1.2906;1994.54;748583;
237.6;22.66;0.0000;0.0000;1.2846;1994.48;748999;
237.8;22.47;0.0000;0.0000;1.2736;1994.48;749415;
238.0;22.29;0.0000;0.0000;1.2637;1994.54;749831;
238.2;22.07;0.0000;0.0000;1.2513;1994.49;750247;
238.4;21.79;0.0000;0.0000;1.2351;1994.48;750663;
238.6;21.58;0.0000;0.0000;1.2234;1994.49;751079;
238.8;21.34;0.0000;0.0000;1.2096;1994.08;751495;
239.0;21.07;0.0000;0.0000;1.1946;1994.08;751911;
239.2;20.95;0.0000;0.0000;1.1877;1994.10;752327;
239.4;20.91;0.0000;0.0000;1.1856;1994.09;752743;
239.6;20.87;0.0000;0.0000;1.1833;1994.07;753159;
239.8;20.80;0.0000;0.0000;1.1792;1994.00;753575;
240.0;20.63;0.0000;0.0000;1.1694;1993.97;753991;
240.2;20.51;0.0000;0.0000;1.1625;1993.97;754407;
240.4;20.45;0.0000;0.0000;1.1592;1993.97;754823;
240.6;20.38;0.0000;0.0000;1.1554;1993.95;755239;
240.8;20.39;0.0000;0.0000;1.1557;1993.95;755655;
241.0;20.45;0.0000;0.0000;1.1591;1993.98;756071;
241.2;20.49;0.0000;0.0000;1.1614;1993.98;756487;
241.4;20.59;0.0000;0.0000;1.1670;1993.98;756903;
241.6;20.67;0.0000;0.0000;1.1716;1993.98;757319;
241.8;20.70;0.0000;0.0000;1.1735;1994.00;757735;
242.0;20.73;0.0000;0.0000;1.1750;1994.07;758151;
242.2;20.66;0.0000;0.0000;1.1709;1994.11;758567;
242.4;20.62;0.0000;0.0000;1.1690;1994.11;758983;
242.6;20.62;0.0000;0.0000;1.1689;1994.11;759399;
242.8;20.53;0.0000;0.0000;1.1637;1994.16;759815;
243.0;20.45;0.0000;0.0000;1.1595;1994.25;760231;
243.2;20.40;0.0000;0.0000;1.1565;1994.23;760647;
243.4;20.33;0.0000;0.0000;1.1524;1994.25;761063;
243.6;20.25;0.0000;0.0000;1.1478;1994.26;761479;
243.8;20.08;0.0000;0.0000;1.1381;1994.26;761895;
244.0;19.96;0.0000;0.0000;1.1313;1994.25;762311;
244.2;19.90;0.0000;0.0000;1.1282;1994.28;762727;
244.4;19.64;0.0000;0.0000;1.1133;1994.32;763143;
244.6;19.31;0.0000;0.0000;1.0947;1994.25;763559;
244.8;19.19;0.0000;0.0000;1.0879;1994.25;763975;
245.0;19.00;0.0000;0.0000;1.0771;1994.25;764391;
245.2;18.81;0.0000;0.0000;1.0663;1994.26;764807;
245.4;18.70;0.0000;0.0000;1.0598;1994.28;765223;
245.6;18.57;0.0000;0.0000;1.0527;1994.29;765639;
245.8;18.35;0.0000;0.0000;1.0405;1994.22;766055;
246.0;18.16;0.0000;0.0000;1.0294;1994.22;766471;
246.2;18.02;0.0000;0.0000;1.0218;1994.22;766887;
246.4;17.92;0.0000;0.0000;1.0161;1994.16;767303;
246.6;17.87;0.0000;0.0000;1.0132;1994.19;767719;
246.8;17.85;0.0000;0.0000;1.0122;1994.61;768135;
247.0;17.79;0.0000;0.0000;1.0087;1994.16;768551;
247.2;17.62;0.0000;0.0000;0.9991;1994.16;768967;
247.4;17.52;0.0000;0.0000;0.9934;1994.13;769383;
247.6;17.52;0.0000;0.0000;0.9930;1994.13;769799;
247.8;17.30;0.0000;0.0000;0.9806;1994.10;770215;
248.0;17.43;0.0000;0.0000;0.9883;1994.13;770631;
248.2;17.65;0.0000;0.0000;1.0007;1994.20;771047;
248.4;17.42;0.0000;0.0000;0.9875;1994.20;771463;
248.6;17.57;0.0000;0.0000;0.9962;1994.22;771879;
248.8;17.71;0.0000;0.0000;1.0038;1994.23;772295;
249.0;17.40;0.0000;0.0000;0.9865;1994.20;772711;
249.2;17.34;0.0000;0.0000;0.9831;1994.61;773127;
249.4;17.47;0.0000;0.0000;0.9906;1994.22;773543;
249.6;17.57;0.0000;0.0000;0.9958;1994.22;773959;
249.8;17.89;0.0000;0.0000;1.0141;1994.27;774375;
250.0;17.99;0.0000;0.0000;1.0198;1994.19;774791;
250.2;17.66;0.0000;0.0000;1.0014;1994.19;775207;
250.4;17.10;0.0000;0.0000;0.9695;1994.14;775623;
250.6;16.04;0.0000;0.0000;0.9093;1994.13;776039;
250.8;14.96;0.0000;0.0000;0.8479;1994.13;776455;
251.0;13.89;0.0000;0.0000;0.7875;1994.10;776871;
251.2;12.69;0.0000;0.0000;0.7197;1994.11;777287;
251.4;11.78;0.0000;0.0000;0.6680;1994.07;777702;
251.6;10.70;0.0000;0.0000;0.6065;1994.10;778118;
251.8;9.45;0.0000;0.0000;0.5358;1994.16;778534;
252.0;8.19;0.0000;0.0000;0.4643;1994.16;778950;
252.2;6.60;0.0000;0.0000;0.3739;1994.20;779366;
252.4;6.60;0.0000;0.0000;0.3739;1994.25;779782;
252.6;6.60;0.0000;0.0000;0.3739;1994.23;780195;
252.8;1.91;0.0000;0.0000;0.1081;1994.26;780608;
253.0;1.91;0.0000;0.0000;0.1081;1994.26;781024;
253.2;1.14;0.0000;0.0000;0.0646;1994.26;781437;
253.4;1.00;0.0000;0.0000;0.0569;1994.22;781853;
253.6;0.95;0.0000;0.0000;0.0538;1994.19;782269;
253.8;0.92;0.0000;0.0000;0.0522;1994.19;782685;
254.0;0.90;0.0000;0.0000;0.0512;1994.07;783101;
254.2;0.89;0.0000;0.0000;0.0504;1994.06;783517;
254.4;0.87;0.0000;0.0000;0.0496;1994.06;783933;
254.6;0.86;0.0000;0.0000;0.0487;1994.08;784349;
254.8;0.85;0.0000;0.0000;0.0479;1994.04;784765;
255.0;0.83;0.0000;0.0000;0.0472;1993.91;785181;
255.2;0.82;0.0000;0.0000;0.0467;1993.92;785597;
255.4;0.82;0.0000;0.0000;0.0463;1993.92;786013;
255.6;0.81;0.0000;0.0000;0.0461;1993.88;786429;
255.8;0.81;0.0000;0.0000;0.0459;1993.88;786845;
256.0;0.81;0.0000;0.0000;0.0457;1993.87;787261;
256.2;0.80;0.0000;0.0000;0.0453;1994.26;787677;
256.4;0.79;0.0000;0.0000;0.0449;1994.22;788094;
256.6;0.79;0.0000;0.0000;0.0446;1994.22;788509;
256.8;0.78;0.0000;0.0000;0.0441;1994.29;788925;
257.0;0.77;0.0000;0.0000;0.0438;1994.29;789341;
257.2;0.76;0.0000;0.0000;0.0434;1994.30;789757;
257.4;0.76;0.0000;0.0000;0.0430;1994.29;790173;
257.6;0.75;0.0000;0.0000;0.0426;1994.32;790589;
257.8;0.74;0.0000;0.0000;0.0422;1994.32;791005;
258.0;0.73;0.0000;0.0000;0.0416;1994.32;791421;
258.2;0.72;0.0000;0.0000;0.0410;1994.32;791837;
258.4;0.71;0.0000;0.0000;0.0403;1994.32;792253;
258.6;0.69;0.0000;0.0000;0.0393;1994.70;792669;
258.8;0.68;0.0000;0.0000;0.0385;1994.26;793085;
259.0;0.67;0.0000;0.0000;0.0379;1994.26;793501;
259.2;0.66;0.0000;0.0000;0.0374;1994.28;793917;
259.4;0.65;0.0000;0.0000;0.0371;1994.28;794333;
259.6;0.65;0.0000;0.0000;0.0368;1994.36;794749;
259.8;0.64;0.0000;0.0000;0.0364;1994.32;795165;
260.0;0.64;0.0000;0.0000;0.0361;1994.35;795581;
260.2;0.63;0.0000;0.0000;0.0357;1994.35;795997;
260.4;0.62;0.0000;0.0000;0.0354;1994.33;796413;
260.6;0.62;0.0000;0.0000;0.0351;1994.32;796829;
260.8;0.61;0.0000;0.0000;0.0348;1994.32;797245;
261.0;0.61;0.0000;0.0000;0.0345;1994.30;797661;
261.2;0.60;0.0000;0.0000;0.0342;1993.88;798077;
261.4;0.60;0.0000;0.0000;0.0339;1993.88;798493;
261.6;0.59;0.0000;0.0000;0.0336;1993.90;798909;
261.8;0.59;0.0000;0.0000;0.0332;1993.92;799325;
262.0;0.58;0.0000;0.0000;0.0329;1993.98;799741;
262.2;0.57;0.0000;0.0000;0.0326;1994.01;800158;
262.4;0.57;0.0000;0.0000;0.0323;1994.07;800574;
262.6;0.56;0.0000;0.0000;0.0320;1994.07;800989;
262.8;0.56;0.0000;0.0000;0.0317;1994.07;801405;
263.0;0.55;0.0000;0.0000;0.0313;1994.08;801821;
263.2;0.55;0.0000;0.0000;0.0310;1994.07;802237;
263.4;0.54;0.0000;0.0000;0.0307;1994.08;802653;
263.6;0.54;0.0000;0.0000;0.0304;1994.06;803069;
263.8;0.53;0.0000;0.0000;0.0301;1994.06;803485;
264.0;0.52;0.0000;0.0000;0.0297;1994.45;803901;
264.2;0.52;0.0000;0.0000;0.0294;1994.44;804317;
264.4;0.51;0.0000;0.0000;0.0291;1994.41;804733;
264.6;0.51;0.0000;0.0000;0.0287;1994.44;805149;
264.8;0.50;0.0000;0.0000;0.0284;1994.38;805566;
265.0;0.50;0.0000;0.0000;0.0281;1994.38;805981;
265.2;0.49;0.0000;0.0000;0.0278;1994.32;806397;
265.4;0.49;0.0000;0.0000;0.0275;1994.38;806813;
265.6;0.48;0.0000;0.0000;0.0272;1994.38;807229;
265.8;0.47;0.0000;0.0000;0.0269;1994.39;807645;
266.0;0.47;0.0000;0.0000;0.0266;1994.39;808061;
266.2;0.46;0.0000;0.0000;0.0263;1994.44;808477;
266.4;0.46;0.0000;0.0000;0.0260;1994.46;808893;
266.6;0.45;0.0000;0.0000;0.0257;1994.38;809309;
266.8;0.45;0.0000;0.0000;0.0255;1994.74;809725;
267.0;0.44;0.0000;0.0000;0.0252;1994.76;810142;
267.2;0.44;0.0000;0.0000;0.0249;1994.76;810557;
267.4;0.43;0.0000;0.0000;0.0246;1994.76;810973;
267.6;0.43;0.0000;0.0000;0.0242;1994.80;811389;
267.8;0.42;0.0000;0.0000;0.0239;1994.80;811805;
268.0;0.42;0.0000;0.0000;0.0236;1994.80;812221;
268.2;0.41;0.0000;0.0000;0.0234;1994.38;812637;
268.4;0.41;0.0000;0.0000;0.0231;1994.38;813053;
268.6;0.40;0.0000;0.0000;0.0228;1994.41;813469;
268.8;0.40;0.0000;0.0000;0.0225;1994.38;813885;
269.0;0.39;0.0000;0.0000;0.0223;1994.38;814301;
269.2;0.39;0.0000;0.0000;0.0220;1994.77;814717;
269.4;0.38;0.0000;0.0000;0.0217;1994.77;815133;
269.6;0.38;0.0000;0.0000;0.0215;1994.77;815549;
269.8;0.38;0.0000;0.0000;0.0213;1994.74;815965;
270.0;0.37;0.0000;0.0000;0.0210;1994.77;816381;
270.2;0.37;0.0000;0.0000;0.0208;1994.74;816797;
270.4;0.36;0.0000;0.0000;0.0206;1995.18;817213;
270.6;0.36;0.0000;0.0000;0.0204;1994.77;817629;
270.8;0.36;0.0000;0.0000;0.0202;1994.77;818045;
271.0;0.35;0.0000;0.0000;0.0200;1994.80;818461;
271.2;0.35;0.0000;0.0000;0.0198;1994.80;818877;
271.4;0.35;0.0000;0.0000;0.0196;1994.80;819293;
271.6;0.34;0.0000;0.0000;0.0195;1994.76;819709;
271.8;0.34;0.0000;0.0000;0.0193;1994.80;820125;
272.0;0.34;0.0000;0.0000;0.0191;1994.80;820541;
272.2;0.33;0.0000;0.0000;0.0190;1994.77;820957;
272.4;0.33;0.0000;0.0000;0.0188;1994.74;821373;
272.6;0.33;0.0000;0.0000;0.0186;1994.68;821789;
272.8;0.33;0.0000;0.0000;0.0185;1994.70;822205;
273.0;0.32;0.0000;0.0000;0.0183;1994.74;822622;
273.2;0.32;0.0000;0.0000;0.0182;1994.74;823037;
273.4;0.32;0.0000;0.0000;0.0180;1994.80;823453;
273.6;0.32;0.0000;0.0000;0.0179;1994.81;823869;
273.8;0.31;0.0000;0.0000;0.0177;1994.74;824285;
274.0;0.31;0.0000;0.0000;0.0176;1994.70;824702;
274.2;0.31;0.0000;0.0000;0.0174;1994.65;825117;
274.4;0.30;0.0000;0.0000;0.0173;1994.65;825533;
274.6;0.30;0.0000;0.0000;0.0172;1994.61;825949;
274.8;0.30;0.0000;0.0000;0.0170;1994.61;826365;
275.0;0.30;0.0000;0.0000;0.0169;1994.61;826781;
275.2;0.30;0.0000;0.0000;0.0168;1994.58;827197;
Mesure de fin de test : tension = 0.00 VDC; courant = 0.00 A;
